0.301961 0.0 0.0 0.0 0.0 0.0 0.0 0.0 0.0 0.0 0.0 0.0 0.0 0.0 0.0 
0.305882 0.0 0.0 0.0 0.0 0.0 0.0 0.0 0.0 0.0 0.0 0.0 0.0 0.0 0.0 
0.305882 0.0 0.0 0.0 0.0 0.0 0.0 0.0 0.0 0.0 0.0 0.0 0.0 0.0 0.0 
0.321569 0.0 0.0 0.0 0.0 0.0 0.0 0.0 0.0 0.0 0.0 0.0 0.0 0.0 0.0 
0.356863 0.0 0.0 0.0 0.0 0.0 0.0 0.0 0.0 0.0 0.0 0.0 0.0 0.0 0.058824 
0.372549 0.003922 0.0 0.0 0.0 0.0 0.0 0.0 0.0 0.0 0.0 0.0 0.0 0.196078 0.431373 
0.368627 0.015686 0.0 0.0 0.0 0.0 0.0 0.0 0.0 0.0 0.0 0.003922 0.290196 0.372549 0.027451 
0.360784 0.035294 0.0 0.0 0.0 0.0 0.0 0.0 0.0 0.0 0.047059 0.396078 0.27451 0.0 0.0 
0.337255 0.066667 0.0 0.0 0.0 0.0 0.0 0.0 0.0 0.066667 0.427451 0.152941 0.0 0.0 0.0 
0.313725 0.086275 0.0 0.0 0.0 0.0 0.0 0.047059 0.278431 0.431373 0.117647 0.0 0.0 0.0 0.0 
0.317647 0.086275 0.0 0.0 0.0 0.007843 0.254902 0.427451 0.227451 0.027451 0.0 0.0 0.0 0.0 0.0 
0.317647 0.086275 0.0 0.0 0.082353 0.411765 0.278431 0.015686 0.0 0.0 0.0 0.0 0.0 0.0 0.0 
0.317647 0.086275 0.0 0.243137 0.427451 0.109804 0.0 0.0 0.0 0.0 0.0 0.0 0.0 0.0 0.0 
0.309804 0.184314 0.388235 0.294118 0.019608 0.0 0.0 0.0 0.0 0.0 0.0 0.0 0.0 0.0 0.0 
0.368627 0.509804 0.121569 0.0 0.0 0.0 0.0 0.0 0.0 0.0 0.0 0.0 0.0 0.0 0.0 
