0.290196 0.0 0.0 0.0 0.0 0.0 0.0 0.0 0.0 0.0 0.0 0.0 0.0 0.0 0.0 
0.282353 0.0 0.0 0.0 0.0 0.0 0.0 0.0 0.0 0.0 0.0 0.0 0.0 0.0 0.0 
0.282353 0.0 0.0 0.0 0.0 0.0 0.0 0.0 0.0 0.0 0.0 0.0 0.0 0.0 0.0 
0.282353 0.0 0.0 0.0 0.0 0.0 0.0 0.0 0.0 0.0 0.0 0.0 0.0 0.0 0.0 
0.282353 0.0 0.0 0.0 0.0 0.0 0.0 0.0 0.0 0.035294 0.0 0.0 0.0 0.0 0.0 
0.266667 0.0 0.0 0.0 0.0 0.0 0.0 0.0 0.011765 0.266667 0.0 0.0 0.05098 0.223529 0.376471 
0.25098 0.0 0.0 0.0 0.0 0.0 0.0 0.0 0.011765 0.317647 0.207843 0.368627 0.403922 0.262745 0.090196 
0.239216 0.0 0.0 0.0 0.0 0.011765 0.105882 0.270588 0.4 0.564706 0.270588 0.105882 0.0 0.0 0.0 
0.247059 0.0 0.0 0.058824 0.294118 0.419608 0.364706 0.211765 0.090196 0.27451 0.0 0.0 0.0 0.0 0.0 
0.243137 0.031373 0.313725 0.411765 0.2 0.011765 0.0 0.0 0.019608 0.27451 0.0 0.0 0.0 0.0 0.0 
0.498039 0.396078 0.192157 0.0 0.0 0.0 0.0 0.0 0.027451 0.270588 0.0 0.0 0.0 0.0 0.0 
0.12549 0.015686 0.0 0.0 0.0 0.0 0.0 0.0 0.035294 0.262745 0.0 0.0 0.0 0.0 0.0 
0.0 0.0 0.0 0.0 0.0 0.0 0.0 0.0 0.047059 0.262745 0.0 0.0 0.0 0.0 0.0 
0.0 0.0 0.0 0.0 0.0 0.0 0.0 0.0 0.062745 0.25098 0.0 0.0 0.0 0.0 0.0 
0.0 0.0 0.0 0.0 0.0 0.0 0.0 0.0 0.086275 0.219608 0.0 0.0 0.0 0.0 0.0 
