0.0 0.278431 0.137255 0.0 0.0 0.0 0.0 0.0 0.0 0.0 0.0 0.0 0.0 0.0 0.0 
0.007843 0.376471 0.019608 0.0 0.0 0.0 0.0 0.0 0.0 0.0 0.0 0.0 0.0 0.0 0.0 
0.113725 0.286275 0.0 0.0 0.0 0.0 0.0 0.0 0.0 0.0 0.0 0.0 0.0 0.0 0.0 
0.14902 0.223529 0.0 0.0 0.0 0.0 0.0 0.0 0.0 0.0 0.0 0.0 0.0 0.0 0.0 
0.101961 0.282353 0.0 0.0 0.0 0.0 0.0 0.0 0.0 0.0 0.0 0.0 0.0 0.0 0.0 
0.062745 0.282353 0.0 0.0 0.0 0.0 0.027451 0.168627 0.0 0.0 0.0 0.0 0.0 0.0 0.0 
0.062745 0.278431 0.0 0.0 0.0 0.0 0.035294 0.309804 0.0 0.0 0.0 0.0 0.0 0.0 0.0 
0.066667 0.282353 0.0 0.0 0.0 0.0 0.019608 0.309804 0.0 0.0 0.0 0.0 0.0 0.0 0.0 
0.121569 0.270588 0.0 0.0 0.0 0.0 0.019608 0.309804 0.0 0.0 0.0 0.031373 0.137255 0.333333 0.482353 
0.231373 0.188235 0.0 0.0 0.0 0.0 0.035294 0.4 0.243137 0.380392 0.486275 0.537255 0.486275 0.329412 0.117647 
0.317647 0.086275 0.0 0.121569 0.270588 0.466667 0.545098 0.647059 0.384314 0.25098 0.12549 0.023529 0.0 0.0 0.0 
0.541176 0.384314 0.513725 0.498039 0.368627 0.156863 0.019608 0.317647 0.007843 0.0 0.0 0.0 0.0 0.0 0.0 
0.423529 0.262745 0.090196 0.0 0.0 0.0 0.0 0.313725 0.011765 0.0 0.0 0.0 0.0 0.0 0.0 
0.0 0.0 0.0 0.0 0.0 0.0 0.0 0.309804 0.011765 0.0 0.0 0.0 0.0 0.0 0.0 
0.0 0.0 0.0 0.0 0.0 0.0 0.0 0.290196 0.011765 0.0 0.0 0.0 0.0 0.0 0.0 
