0.321569 0.0 0.0 0.0 0.0 0.0 0.0 0.0 0.0 0.0 0.0 0.0 0.0 0.0 0.0 
0.341176 0.0 0.0 0.0 0.0 0.0 0.0 0.0 0.0 0.0 0.0 0.0 0.0 0.0 0.0 
0.341176 0.0 0.0 0.0 0.0 0.0 0.0 0.0 0.0 0.0 0.0 0.0 0.0 0.0 0.0 
0.341176 0.0 0.0 0.0 0.0 0.0 0.0 0.0 0.0 0.0 0.0 0.0 0.0 0.0 0.0 
0.372549 0.0 0.0 0.0 0.0 0.0 0.0 0.0 0.0 0.0 0.0 0.0 0.0 0.0 0.0 
0.411765 0.003922 0.0 0.0 0.0 0.0 0.0 0.0 0.0 0.0 0.0 0.0 0.0 0.0 0.0 
0.4 0.054902 0.0 0.0 0.0 0.0 0.0 0.0 0.0 0.0 0.0 0.0 0.0 0.0 0.0 
0.313725 0.164706 0.0 0.0 0.0 0.0 0.0 0.0 0.0 0.0 0.0 0.0 0.0 0.0 0.0 
0.176471 0.282353 0.0 0.0 0.0 0.0 0.0 0.290196 0.019608 0.0 0.0 0.0 0.0 0.109804 0.25098 
0.07451 0.34902 0.0 0.0 0.0 0.0 0.0 0.372549 0.035294 0.0 0.047059 0.254902 0.447059 0.427451 0.270588 
0.007843 0.376471 0.015686 0.0 0.0 0.0 0.0 0.341176 0.12549 0.321569 0.466667 0.305882 0.086275 0.0 0.0 
0.0 0.341176 0.07451 0.0 0.003922 0.090196 0.231373 0.592157 0.513725 0.231373 0.011765 0.0 0.0 0.0 0.0 
0.0 0.282353 0.25098 0.309804 0.45098 0.423529 0.262745 0.360784 0.152941 0.0 0.0 0.0 0.0 0.0 0.0 
0.0 0.227451 0.498039 0.203922 0.047059 0.0 0.0 0.219608 0.223529 0.0 0.0 0.0 0.0 0.0 0.0 
0.0 0.003922 0.003922 0.0 0.0 0.0 0.0 0.145098 0.282353 0.0 0.0 0.0 0.0 0.0 0.0 
