0.286275 0.0 0.0 0.0 0.0 0.0 0.0 0.0 0.0 0.0 0.0 0.0 0.0 0.0 0.0 
0.309804 0.0 0.0 0.0 0.0 0.0 0.0 0.0 0.0 0.0 0.011765 0.0 0.0 0.05098 0.290196 
0.309804 0.0 0.0 0.0 0.0 0.0 0.0 0.0 0.0 0.0 0.247059 0.019608 0.086275 0.486275 0.309804 
0.309804 0.0 0.0 0.0 0.0 0.0 0.0 0.0 0.0 0.0 0.27451 0.133333 0.458824 0.109804 0.0 
0.298039 0.0 0.0 0.0 0.0 0.0 0.0 0.0 0.0 0.0 0.45098 0.521569 0.12549 0.0 0.0 
0.278431 0.0 0.0 0.0 0.0 0.0 0.0 0.0 0.0 0.32549 0.580392 0.039216 0.0 0.0 0.0 
0.262745 0.0 0.0 0.0 0.0 0.0 0.0 0.023529 0.423529 0.305882 0.278431 0.031373 0.0 0.0 0.0 
0.254902 0.0 0.0 0.0 0.0 0.0 0.003922 0.392157 0.231373 0.0 0.286275 0.035294 0.0 0.0 0.0 
0.254902 0.0 0.0 0.0 0.0 0.0 0.396078 0.278431 0.0 0.0 0.286275 0.035294 0.0 0.0 0.0 
0.254902 0.0 0.0 0.0 0.0 0.356863 0.278431 0.0 0.0 0.0 0.286275 0.035294 0.0 0.0 0.0 
0.27451 0.0 0.0 0.0 0.352941 0.32549 0.0 0.0 0.0 0.0 0.294118 0.027451 0.0 0.0 0.0 
0.282353 0.0 0.0 0.337255 0.321569 0.0 0.0 0.0 0.0 0.0 0.294118 0.015686 0.0 0.0 0.0 
0.278431 0.0 0.368627 0.329412 0.0 0.0 0.0 0.0 0.0 0.0 0.062745 0.003922 0.0 0.0 0.0 
0.305882 0.403922 0.286275 0.0 0.0 0.0 0.0 0.0 0.0 0.0 0.0 0.0 0.0 0.0 0.0 
0.670588 0.219608 0.0 0.0 0.0 0.0 0.0 0.0 0.0 0.0 0.0 0.0 0.0 0.0 0.0 
