0.0 0.0 0.0 0.0 0.0 0.0 0.0 0.0 0.0 0.0 0.0 0.415686 0.8 0.682353 0.082353 
0.0 0.0 0.0 0.0 0.0 0.0 0.0 0.0 0.0 0.0 0.364706 0.501961 0.003922 0.247059 0.482353 
0.0 0.0 0.0 0.0 0.0 0.0 0.0 0.0 0.0 0.32549 0.545098 0.027451 0.0 0.0 0.439216 
0.0 0.0 0.0 0.0 0.0 0.0 0.0 0.0 0.176471 0.556863 0.023529 0.0 0.0 0.0 0.294118 
0.0 0.0 0.066667 0.286275 0.082353 0.0 0.0 0.047059 0.588235 0.109804 0.0 0.0 0.0 0.0 0.290196 
0.0 0.215686 0.686275 0.623529 0.494118 0.0 0.145098 0.631373 0.258824 0.0 0.0 0.0 0.0 0.0 0.298039 
0.176471 0.623529 0.121569 0.0 0.376471 0.372549 0.67451 0.305882 0.0 0.0 0.0 0.0 0.0 0.0 0.345098 
0.541176 0.129412 0.0 0.0 0.094118 0.811765 0.133333 0.0 0.0 0.0 0.0 0.0 0.0 0.0 0.396078 
0.392157 0.0 0.0 0.0 0.156863 0.611765 0.501961 0.105882 0.0 0.0 0.0 0.0 0.0 0.039216 0.396078 
0.301961 0.0 0.0 0.0 0.356863 0.129412 0.380392 0.694118 0.521569 0.082353 0.0 0.0 0.0 0.098039 0.333333 
0.32549 0.0 0.0 0.035294 0.423529 0.0 0.0 0.039216 0.360784 0.698039 0.462745 0.058824 0.0 0.152941 0.262745 
0.415686 0.0 0.0 0.207843 0.309804 0.0 0.0 0.0 0.0 0.058824 0.419608 0.705882 0.45098 0.466667 0.211765 
0.403922 0.066667 0.0 0.34902 0.105882 0.0 0.0 0.0 0.0 0.0 0.0 0.066667 0.419608 0.447059 0.027451 
0.290196 0.223529 0.105882 0.462745 0.0 0.0 0.0 0.0 0.0 0.0 0.0 0.0 0.0 0.0 0.0 
0.082353 0.709804 0.784314 0.270588 0.0 0.0 0.0 0.0 0.0 0.0 0.0 0.0 0.0 0.0 0.0 
