0.0 0.0 0.0 0.0 0.0 0.0 0.0 0.0 0.0 0.180392 0.623529 0.6 0.627451 0.4 0.0 
0.0 0.0 0.0 0.0 0.0 0.0 0.0 0.0 0.066667 0.478431 0.090196 0.0 0.0 0.360784 0.2 
0.0 0.0 0.0 0.0 0.0 0.0 0.0 0.0 0.341176 0.168627 0.0 0.0 0.0 0.078431 0.360784 
0.0 0.117647 0.329412 0.113725 0.0 0.0 0.0 0.101961 0.4 0.0 0.0 0.0 0.0 0.0 0.368627 
0.121569 0.521569 0.380392 0.52549 0.090196 0.0 0.0 0.45098 0.160784 0.0 0.0 0.0 0.0 0.0 0.270588 
0.470588 0.113725 0.0 0.14902 0.403922 0.0 0.223529 0.333333 0.0 0.0 0.0 0.0 0.0 0.0 0.247059 
0.321569 0.0 0.0 0.0 0.352941 0.137255 0.403922 0.047059 0.0 0.0 0.0 0.0 0.0 0.0 0.247059 
0.25098 0.0 0.0 0.0 0.101961 0.556863 0.270588 0.0 0.0 0.0 0.0 0.0 0.0 0.0 0.247059 
0.294118 0.0 0.0 0.0 0.0 0.560784 0.184314 0.0 0.0 0.0 0.0 0.0 0.0 0.0 0.247059 
0.337255 0.0 0.0 0.0 0.0 0.435294 0.380392 0.0 0.0 0.0 0.0 0.0 0.0 0.0 0.25098 
0.360784 0.043137 0.0 0.0 0.098039 0.305882 0.34902 0.133333 0.0 0.0 0.0 0.0 0.0 0.0 0.290196 
0.278431 0.145098 0.0 0.0 0.27451 0.152941 0.086275 0.435294 0.011765 0.0 0.0 0.0 0.0 0.0 0.376471 
0.117647 0.427451 0.243137 0.345098 0.466667 0.007843 0.0 0.270588 0.407843 0.0 0.0 0.0 0.0 0.117647 0.360784 
0.0 0.266667 0.435294 0.368627 0.086275 0.0 0.0 0.0 0.317647 0.513725 0.152941 0.0 0.011765 0.368627 0.145098 
0.0 0.0 0.0 0.0 0.0 0.0 0.0 0.0 0.0 0.184314 0.560784 0.615686 0.635294 0.403922 0.0 
