0.615686 0.823529 0.839216 0.529412 0.0 0.0 0.0 0.0 0.0 0.0 0.0 0.0 0.0 0.0 0.0 
0.478431 0.031373 0.031373 0.513725 0.243137 0.0 0.0 0.0 0.176471 0.498039 0.505882 0.435294 0.172549 0.0 0.0 
0.34902 0.0 0.0 0.121569 0.443137 0.0 0.0 0.372549 0.729412 0.439216 0.411765 0.501961 0.729412 0.396078 0.0 
0.34902 0.0 0.0 0.007843 0.466667 0.031373 0.345098 0.623529 0.066667 0.0 0.0 0.0 0.027451 0.572549 0.305882 
0.34902 0.0 0.0 0.0 0.317647 0.619608 0.65098 0.070588 0.0 0.0 0.0 0.0 0.0 0.070588 0.631373 
0.419608 0.0 0.0 0.0 0.196078 0.74902 0.015686 0.0 0.0 0.0 0.0 0.0 0.0 0.0 0.356863 
0.6 0.133333 0.0 0.0 0.505882 0.662745 0.003922 0.0 0.0 0.0 0.0 0.0 0.0 0.0 0.356863 
0.235294 0.643137 0.368627 0.564706 0.466667 0.364706 0.223529 0.0 0.0 0.0 0.0 0.0 0.0 0.0 0.396078 
0.0 0.301961 0.564706 0.415686 0.023529 0.109804 0.466667 0.0 0.0 0.0 0.0 0.0 0.0 0.0 0.443137 
0.0 0.0 0.0 0.0 0.0 0.0 0.494118 0.294118 0.0 0.0 0.0 0.0 0.0 0.031373 0.435294 
0.0 0.0 0.0 0.0 0.0 0.0 0.062745 0.627451 0.156863 0.0 0.0 0.0 0.0 0.109804 0.4 
0.0 0.0 0.0 0.0 0.0 0.0 0.0 0.156863 0.635294 0.078431 0.0 0.0 0.0 0.239216 0.27451 
0.0 0.0 0.0 0.0 0.0 0.0 0.0 0.0 0.262745 0.666667 0.090196 0.0 0.0 0.411765 0.141176 
0.0 0.0 0.0 0.0 0.0 0.0 0.0 0.0 0.0 0.262745 0.678431 0.301961 0.172549 0.494118 0.0 
0.0 0.0 0.0 0.0 0.0 0.0 0.0 0.0 0.0 0.0 0.219608 0.666667 0.847059 0.223529 0.0 
