0.0 0.0 0.0 0.0 0.0 0.0 0.0 0.0 0.0 0.0 0.0 0.058824 0.588235 0.65098 0.32549 
0.0 0.0 0.0 0.0 0.0 0.0 0.0 0.0 0.0 0.0 0.0 0.388235 0.172549 0.0 0.443137 
0.0 0.0 0.0 0.0 0.0 0.0 0.0 0.0 0.0 0.0 0.180392 0.360784 0.0 0.0 0.243137 
0.0 0.0 0.0 0.0 0.0 0.0 0.0 0.0 0.0 0.0 0.392157 0.070588 0.0 0.0 0.239216 
0.0 0.0 0.0 0.0 0.0 0.0 0.0 0.0 0.0 0.243137 0.333333 0.0 0.0 0.0 0.254902 
0.0 0.0 0.0 0.0 0.0 0.0 0.0 0.0 0.172549 0.517647 0.027451 0.0 0.0 0.0 0.282353 
0.168627 0.470588 0.509804 0.231373 0.0 0.0 0.0 0.019608 0.462745 0.07451 0.0 0.0 0.0 0.0 0.317647 
0.545098 0.231373 0.184314 0.501961 0.368627 0.0 0.0 0.317647 0.258824 0.0 0.0 0.0 0.0 0.019608 0.337255 
0.239216 0.0 0.0 0.0 0.396078 0.211765 0.066667 0.431373 0.003922 0.0 0.0 0.0 0.0 0.137255 0.305882 
0.247059 0.0 0.0 0.0 0.039216 0.47451 0.529412 0.14902 0.0 0.0 0.0 0.0 0.0 0.360784 0.129412 
0.25098 0.0 0.0 0.0 0.0 0.176471 0.690196 0.019608 0.0 0.0 0.0 0.0 0.188235 0.372549 0.0 
0.27451 0.0 0.0 0.0 0.047059 0.458824 0.321569 0.34902 0.0 0.0 0.0 0.039216 0.454902 0.054902 0.0 
0.309804 0.0 0.0 0.07451 0.517647 0.207843 0.0 0.415686 0.47451 0.133333 0.023529 0.454902 0.219608 0.0 0.0 
0.403922 0.047059 0.211765 0.568627 0.192157 0.0 0.0 0.003922 0.258824 0.541176 0.607843 0.309804 0.0 0.0 0.0 
0.25098 0.666667 0.537255 0.070588 0.0 0.0 0.0 0.0 0.0 0.003922 0.027451 0.0 0.0 0.0 0.0 
