0.0 0.0 0.0 0.0 0.0 0.0 0.0 0.0 0.0 0.239216 0.505882 0.443137 0.505882 0.172549 0.0 
0.0 0.0 0.0 0.0 0.0 0.0 0.0 0.0 0.141176 0.4 0.011765 0.0 0.047059 0.380392 0.011765 
0.0 0.0 0.0 0.0 0.0 0.0 0.0 0.023529 0.407843 0.058824 0.0 0.0 0.0 0.258824 0.231373 
0.0 0.0 0.0 0.0 0.0 0.0 0.0 0.254902 0.231373 0.0 0.0 0.0 0.0 0.039216 0.403922 
0.0 0.0 0.0 0.0 0.0 0.0 0.039216 0.392157 0.015686 0.0 0.0 0.0 0.0 0.0 0.329412 
0.0 0.0 0.0 0.0 0.0 0.0 0.282353 0.2 0.0 0.0 0.0 0.0 0.0 0.0 0.286275 
0.0 0.058824 0.07451 0.003922 0.0 0.027451 0.372549 0.007843 0.0 0.0 0.0 0.0 0.0 0.0 0.286275 
0.243137 0.462745 0.431373 0.380392 0.007843 0.145098 0.270588 0.0 0.0 0.0 0.0 0.0 0.0 0.0 0.286275 
0.419608 0.019608 0.0 0.223529 0.364706 0.211765 0.176471 0.0 0.0 0.0 0.0 0.0 0.0 0.0 0.305882 
0.305882 0.0 0.0 0.0 0.247059 0.54902 0.098039 0.0 0.0 0.0 0.0 0.0 0.0 0.0 0.333333 
0.305882 0.0 0.0 0.0 0.086275 0.631373 0.062745 0.0 0.0 0.0 0.0 0.0 0.0 0.0 0.360784 
0.372549 0.0 0.0 0.0 0.254902 0.341176 0.313725 0.0 0.0 0.0 0.0 0.0 0.0 0.054902 0.368627 
0.376471 0.07451 0.0 0.07451 0.4 0.003922 0.360784 0.301961 0.015686 0.0 0.0 0.0 0.0 0.247059 0.239216 
0.196078 0.333333 0.043137 0.380392 0.137255 0.0 0.007843 0.27451 0.447059 0.219608 0.023529 0.0 0.058824 0.4 0.019608 
0.0 0.32549 0.490196 0.262745 0.0 0.0 0.0 0.0 0.062745 0.345098 0.494118 0.458824 0.513725 0.14902 0.0 
