0.019608 0.039216 0.145098 0.203922 0.231373 0.258824 0.176471 0.0 0.0 0.0 0.0 0.0 0.0 0.176471 0.266667 
0.568627 0.411765 0.345098 0.290196 0.262745 0.258824 0.415686 0.0 0.0 0.0 0.0 0.0 0.0 0.039216 0.403922 
0.439216 0.003922 0.0 0.0 0.0 0.0 0.337255 0.011765 0.0 0.0 0.0 0.0 0.0 0.0 0.341176 
0.364706 0.0 0.0 0.0 0.0 0.0 0.341176 0.019608 0.0 0.0 0.0 0.0 0.0 0.0 0.301961 
0.368627 0.003922 0.0 0.0 0.0 0.0 0.329412 0.039216 0.0 0.0 0.0 0.0 0.0 0.0 0.301961 
0.368627 0.003922 0.0 0.0 0.0 0.0 0.298039 0.101961 0.0 0.0 0.0 0.0 0.0 0.0 0.32549 
0.368627 0.003922 0.0 0.0 0.0 0.0 0.196078 0.27451 0.0 0.0 0.0 0.0 0.0 0.0 0.384314 
0.368627 0.003922 0.0 0.0 0.0 0.0 0.003922 0.396078 0.133333 0.0 0.0 0.0 0.0 0.12549 0.380392 
0.360784 0.011765 0.0 0.0 0.0 0.0 0.0 0.066667 0.403922 0.368627 0.231373 0.203922 0.207843 0.427451 0.105882 
0.364706 0.015686 0.0 0.0 0.0 0.0 0.0 0.0 0.003922 0.12549 0.254902 0.278431 0.27451 0.137255 0.0 
0.368627 0.015686 0.0 0.0 0.0 0.0 0.0 0.0 0.0 0.0 0.0 0.0 0.0 0.0 0.0 
0.356863 0.023529 0.0 0.0 0.0 0.0 0.0 0.0 0.0 0.0 0.0 0.0 0.0 0.0 0.0 
0.360784 0.023529 0.0 0.0 0.0 0.0 0.0 0.0 0.0 0.0 0.0 0.0 0.0 0.0 0.0 
0.364706 0.027451 0.0 0.0 0.0 0.0 0.0 0.0 0.0 0.0 0.0 0.0 0.0 0.0 0.0 
0.337255 0.054902 0.0 0.0 0.0 0.0 0.0 0.0 0.0 0.0 0.0 0.0 0.0 0.0 0.0 
