0.0 0.0 0.0 0.0 0.0 0.0 0.0 0.0 0.0 0.0 0.0 0.0 0.0 0.0 0.364706 
0.0 0.0 0.0 0.0 0.0 0.0 0.0 0.011765 0.027451 0.0 0.0 0.0 0.0 0.0 0.388235 
0.0 0.0 0.0 0.0 0.0 0.05098 0.243137 0.505882 0.494118 0.0 0.0 0.0 0.0 0.0 0.392157 
0.0 0.207843 0.34902 0.352941 0.447059 0.505882 0.352941 0.192157 0.34902 0.0 0.0 0.0 0.0 0.0 0.341176 
0.027451 0.443137 0.247059 0.231373 0.133333 0.0 0.0 0.219608 0.227451 0.0 0.0 0.0 0.0 0.0 0.388235 
0.094118 0.321569 0.0 0.0 0.0 0.0 0.0 0.258824 0.156863 0.0 0.0 0.0 0.0 0.035294 0.419608 
0.137255 0.286275 0.0 0.0 0.0 0.0 0.0 0.262745 0.172549 0.0 0.0 0.0 0.0 0.137255 0.341176 
0.180392 0.254902 0.0 0.0 0.0 0.0 0.0 0.141176 0.427451 0.0 0.0 0.0 0.156863 0.498039 0.168627 
0.25098 0.196078 0.0 0.0 0.0 0.0 0.0 0.0 0.329412 0.490196 0.337255 0.47451 0.45098 0.141176 0.0 
0.329412 0.121569 0.0 0.0 0.0 0.0 0.0 0.0 0.0 0.141176 0.262745 0.121569 0.0 0.0 0.0 
0.388235 0.058824 0.0 0.0 0.0 0.0 0.0 0.0 0.0 0.0 0.0 0.0 0.0 0.0 0.0 
0.403922 0.007843 0.0 0.0 0.0 0.0 0.0 0.0 0.0 0.0 0.0 0.0 0.0 0.0 0.0 
0.4 0.0 0.0 0.0 0.0 0.0 0.0 0.0 0.0 0.0 0.0 0.0 0.0 0.0 0.0 
0.396078 0.0 0.0 0.0 0.0 0.0 0.0 0.0 0.0 0.0 0.0 0.0 0.0 0.0 0.0 
0.32549 0.0 0.0 0.0 0.0 0.0 0.0 0.0 0.0 0.0 0.0 0.0 0.0 0.0 0.0 
