0.0 0.0 0.0 0.0 0.0 0.0 0.0 0.0 0.0 0.0 0.0 0.0 0.0 0.0 0.231373 
0.0 0.0 0.0 0.0 0.0 0.015686 0.156863 0.247059 0.0 0.0 0.0 0.0 0.0 0.0 0.247059 
0.0 0.0 0.031373 0.27451 0.435294 0.482353 0.541176 0.4 0.0 0.0 0.0 0.0 0.0 0.0 0.254902 
0.0 0.0 0.415686 0.329412 0.133333 0.015686 0.235294 0.121569 0.0 0.0 0.0 0.0 0.0 0.0 0.258824 
0.0 0.082353 0.294118 0.0 0.0 0.0 0.298039 0.031373 0.0 0.0 0.0 0.0 0.0 0.0 0.258824 
0.0 0.211765 0.172549 0.0 0.0 0.007843 0.294118 0.0 0.0 0.0 0.0 0.0 0.0 0.0 0.266667 
0.0 0.301961 0.05098 0.0 0.0 0.015686 0.286275 0.0 0.0 0.0 0.0 0.0 0.0 0.0 0.270588 
0.023529 0.309804 0.0 0.0 0.0 0.011765 0.321569 0.0 0.0 0.0 0.0 0.0 0.0 0.0 0.278431 
0.101961 0.262745 0.0 0.0 0.0 0.0 0.305882 0.117647 0.0 0.0 0.0 0.0 0.0 0.0 0.317647 
0.2 0.176471 0.0 0.0 0.0 0.0 0.121569 0.282353 0.0 0.0 0.0 0.0 0.0 0.023529 0.352941 
0.290196 0.086275 0.0 0.0 0.0 0.0 0.0 0.392157 0.141176 0.0 0.0 0.0 0.0 0.2 0.278431 
0.321569 0.023529 0.0 0.0 0.0 0.0 0.0 0.070588 0.454902 0.141176 0.0 0.0 0.058824 0.403922 0.039216 
0.329412 0.0 0.0 0.0 0.0 0.0 0.0 0.0 0.086275 0.447059 0.482353 0.466667 0.490196 0.156863 0.0 
0.278431 0.0 0.0 0.0 0.0 0.0 0.0 0.0 0.0 0.003922 0.062745 0.078431 0.027451 0.0 0.0 
0.247059 0.0 0.0 0.0 0.0 0.0 0.0 0.0 0.0 0.0 0.0 0.0 0.0 0.0 0.0 
