0.0 0.0 0.0 0.0 0.0 0.003922 0.094118 0.227451 0.4 0.184314 0.0 0.0 0.0 0.0 0.27451 
0.0 0.043137 0.129412 0.239216 0.356863 0.47451 0.466667 0.356863 0.545098 0.12549 0.0 0.0 0.0 0.0 0.294118 
0.176471 0.537255 0.439216 0.341176 0.219608 0.07451 0.0 0.023529 0.337255 0.0 0.0 0.0 0.0 0.0 0.305882 
0.313725 0.129412 0.0 0.0 0.0 0.0 0.0 0.078431 0.298039 0.0 0.0 0.0 0.0 0.0 0.32549 
0.352941 0.039216 0.0 0.0 0.0 0.0 0.0 0.113725 0.262745 0.0 0.0 0.0 0.0 0.0 0.337255 
0.368627 0.011765 0.0 0.0 0.0 0.0 0.0 0.137255 0.239216 0.0 0.0 0.0 0.0 0.0 0.356863 
0.360784 0.0 0.0 0.0 0.0 0.0 0.0 0.164706 0.215686 0.0 0.0 0.0 0.0 0.0 0.368627 
0.352941 0.0 0.0 0.0 0.0 0.0 0.0 0.168627 0.215686 0.0 0.0 0.0 0.0 0.011765 0.364706 
0.356863 0.0 0.0 0.0 0.0 0.0 0.0 0.168627 0.211765 0.0 0.0 0.0 0.0 0.05098 0.34902 
0.364706 0.0 0.0 0.0 0.0 0.0 0.0 0.152941 0.254902 0.0 0.0 0.0 0.0 0.109804 0.298039 
0.360784 0.003922 0.0 0.0 0.0 0.0 0.0 0.035294 0.431373 0.039216 0.0 0.0 0.0 0.188235 0.231373 
0.364706 0.0 0.0 0.0 0.0 0.0 0.0 0.0 0.188235 0.509804 0.313725 0.219608 0.231373 0.454902 0.098039 
0.360784 0.0 0.0 0.0 0.0 0.0 0.0 0.0 0.0 0.066667 0.27451 0.356863 0.352941 0.14902 0.0 
0.341176 0.0 0.0 0.0 0.0 0.0 0.0 0.0 0.0 0.0 0.0 0.0 0.0 0.0 0.0 
0.309804 0.0 0.0 0.0 0.0 0.0 0.0 0.0 0.0 0.0 0.0 0.0 0.0 0.0 0.0 
