0.0 0.0 0.0 0.0 0.0 0.0 0.0 0.0 0.0 0.0 0.0 0.0 0.0 0.090196 0.435294 
0.0 0.0 0.0 0.0 0.0 0.0 0.0 0.0 0.0 0.0 0.0 0.0 0.0 0.0 0.392157 
0.07451 0.196078 0.239216 0.262745 0.262745 0.270588 0.14902 0.0 0.0 0.0 0.0 0.0 0.0 0.0 0.278431 
0.478431 0.396078 0.341176 0.321569 0.317647 0.356863 0.435294 0.0 0.0 0.0 0.0 0.0 0.0 0.0 0.286275 
0.345098 0.0 0.0 0.0 0.0 0.101961 0.270588 0.0 0.0 0.0 0.0 0.0 0.0 0.0 0.321569 
0.313725 0.0 0.0 0.0 0.0 0.137255 0.231373 0.0 0.0 0.0 0.0 0.0 0.0 0.0 0.368627 
0.298039 0.0 0.0 0.0 0.0 0.117647 0.270588 0.0 0.0 0.0 0.0 0.0 0.0 0.07451 0.364706 
0.282353 0.0 0.0 0.0 0.0 0.027451 0.419608 0.027451 0.0 0.0 0.0 0.0 0.0 0.262745 0.215686 
0.278431 0.0 0.0 0.0 0.0 0.0 0.239216 0.388235 0.007843 0.0 0.0 0.0 0.12549 0.423529 0.011765 
0.278431 0.0 0.0 0.0 0.0 0.0 0.0 0.286275 0.509804 0.47451 0.470588 0.486275 0.482353 0.105882 0.0 
0.290196 0.0 0.0 0.0 0.0 0.0 0.0 0.0 0.035294 0.082353 0.082353 0.070588 0.007843 0.0 0.0 
0.317647 0.0 0.0 0.0 0.0 0.0 0.0 0.0 0.0 0.0 0.0 0.0 0.0 0.0 0.0 
0.333333 0.0 0.0 0.0 0.0 0.0 0.0 0.0 0.0 0.0 0.0 0.0 0.0 0.0 0.0 
0.333333 0.0 0.0 0.0 0.0 0.0 0.0 0.0 0.0 0.0 0.0 0.0 0.0 0.0 0.0 
0.309804 0.0 0.0 0.0 0.0 0.0 0.0 0.0 0.0 0.0 0.0 0.0 0.0 0.0 0.0 
