0.0 0.0 0.0 0.0 0.0 0.0 0.0 0.101961 0.211765 0.0 0.0 0.0 0.0 0.0 0.0 
0.0 0.0 0.0 0.0 0.0 0.0 0.0 0.172549 0.545098 0.537255 0.619608 0.341176 0.019608 0.0 0.0 
0.0 0.0 0.0 0.0 0.0 0.0 0.172549 0.74902 0.615686 0.317647 0.25098 0.560784 0.643137 0.101961 0.0 
0.0 0.0 0.0 0.0 0.0 0.05098 0.564706 0.235294 0.25098 0.0 0.0 0.0 0.258824 0.537255 0.003922 
0.0 0.0 0.0 0.0 0.0 0.513725 0.262745 0.027451 0.329412 0.0 0.0 0.0 0.0 0.360784 0.27451 
0.0 0.0 0.0 0.0 0.32549 0.407843 0.0 0.003922 0.341176 0.007843 0.0 0.0 0.0 0.066667 0.458824 
0.0 0.0 0.0 0.203922 0.556863 0.019608 0.0 0.0 0.32549 0.066667 0.0 0.0 0.0 0.0 0.368627 
0.0 0.0 0.176471 0.643137 0.113725 0.0 0.0 0.0 0.254902 0.168627 0.0 0.0 0.0 0.0 0.309804 
0.0 0.066667 0.6 0.113725 0.0 0.0 0.0 0.0 0.141176 0.321569 0.0 0.0 0.0 0.0 0.282353 
0.0 0.4 0.239216 0.0 0.0 0.0 0.0 0.0 0.019608 0.376471 0.0 0.0 0.0 0.0 0.27451 
0.039216 0.419608 0.003922 0.0 0.0 0.0 0.0 0.0 0.0 0.376471 0.109804 0.0 0.0 0.0 0.282353 
0.211765 0.301961 0.0 0.0 0.0 0.0 0.0 0.0 0.0 0.211765 0.25098 0.0 0.0 0.0 0.341176 
0.380392 0.113725 0.0 0.0 0.0 0.0 0.0 0.0 0.0 0.070588 0.403922 0.0 0.0 0.035294 0.482353 
0.419608 0.007843 0.0 0.0 0.0 0.0 0.0 0.0 0.0 0.0 0.427451 0.470588 0.388235 0.611765 0.32549 
0.364706 0.0 0.0 0.0 0.0 0.0 0.0 0.0 0.0 0.0 0.078431 0.494118 0.533333 0.301961 0.011765 
