0.0 0.0 0.0 0.0 0.0 0.0 0.0 0.098039 0.556863 0.552941 0.576471 0.305882 0.0 0.0 0.0 
0.0 0.0 0.0 0.0 0.0 0.0 0.011765 0.423529 0.133333 0.0 0.0 0.4 0.196078 0.0 0.0 
0.0 0.0 0.0 0.0 0.0 0.0 0.27451 0.501961 0.0 0.0 0.0 0.043137 0.439216 0.05098 0.0 
0.0 0.0 0.0 0.0 0.0 0.090196 0.4 0.321569 0.05098 0.0 0.0 0.0 0.184314 0.270588 0.0 
0.0 0.0 0.0 0.0 0.0 0.360784 0.105882 0.231373 0.12549 0.0 0.0 0.0 0.007843 0.376471 0.035294 
0.0 0.0 0.0 0.0 0.192157 0.34902 0.0 0.160784 0.227451 0.0 0.0 0.0 0.0 0.223529 0.239216 
0.0 0.0 0.0 0.039216 0.431373 0.047059 0.0 0.043137 0.337255 0.0 0.0 0.0 0.0 0.047059 0.356863 
0.0 0.0 0.0 0.313725 0.2 0.0 0.0 0.0 0.345098 0.090196 0.0 0.0 0.0 0.0 0.341176 
0.0 0.0 0.117647 0.407843 0.0 0.0 0.0 0.0 0.156863 0.317647 0.0 0.0 0.0 0.0 0.262745 
0.0 0.078431 0.486275 0.105882 0.0 0.0 0.0 0.0 0.0 0.364706 0.058824 0.0 0.0 0.0 0.247059 
0.003922 0.435294 0.145098 0.0 0.0 0.0 0.0 0.0 0.0 0.192157 0.270588 0.0 0.0 0.0 0.329412 
0.188235 0.270588 0.0 0.0 0.0 0.0 0.0 0.0 0.0 0.003922 0.423529 0.129412 0.0 0.07451 0.403922 
0.301961 0.098039 0.0 0.0 0.0 0.0 0.0 0.0 0.0 0.0 0.094118 0.505882 0.435294 0.513725 0.152941 
0.360784 0.015686 0.0 0.0 0.0 0.0 0.0 0.0 0.0 0.0 0.0 0.066667 0.184314 0.101961 0.0 
0.309804 0.0 0.0 0.0 0.0 0.0 0.0 0.0 0.0 0.0 0.0 0.0 0.0 0.0 0.0 
