0.0 0.0 0.0 0.0 0.0 0.0 0.290196 0.721569 0.847059 0.627451 0.231373 0.035294 0.0 0.0 0.0 
0.0 0.0 0.0 0.0 0.0 0.168627 0.490196 0.294118 0.309804 0.133333 0.541176 0.627451 0.372549 0.007843 0.0 
0.0 0.0 0.0 0.0 0.019608 0.482353 0.062745 0.282353 0.121569 0.0 0.0 0.035294 0.423529 0.439216 0.0 
0.0 0.0 0.0 0.0 0.305882 0.294118 0.0 0.25098 0.188235 0.0 0.0 0.0 0.0 0.392157 0.176471 
0.0 0.0 0.0 0.082353 0.466667 0.011765 0.0 0.137255 0.266667 0.0 0.0 0.0 0.0 0.117647 0.403922 
0.0 0.0 0.0 0.431373 0.184314 0.0 0.0 0.058824 0.321569 0.0 0.0 0.0 0.0 0.0 0.396078 
0.0 0.0 0.145098 0.376471 0.0 0.0 0.0 0.003922 0.352941 0.011765 0.0 0.0 0.0 0.0 0.333333 
0.0 0.0 0.411765 0.121569 0.0 0.0 0.0 0.0 0.321569 0.098039 0.0 0.0 0.0 0.0 0.286275 
0.0 0.145098 0.388235 0.0 0.0 0.0 0.0 0.0 0.211765 0.247059 0.0 0.0 0.0 0.0 0.282353 
0.0 0.372549 0.12549 0.0 0.0 0.0 0.0 0.0 0.062745 0.360784 0.0 0.0 0.0 0.0 0.282353 
0.12549 0.403922 0.0 0.0 0.0 0.0 0.0 0.0 0.0 0.392157 0.070588 0.0 0.0 0.0 0.298039 
0.403922 0.152941 0.0 0.0 0.0 0.0 0.0 0.0 0.0 0.239216 0.219608 0.0 0.0 0.0 0.34902 
0.403922 0.0 0.0 0.0 0.0 0.0 0.0 0.0 0.0 0.078431 0.396078 0.0 0.0 0.027451 0.415686 
0.003922 0.0 0.0 0.0 0.0 0.0 0.0 0.0 0.0 0.0 0.388235 0.219608 0.0 0.254902 0.32549 
0.0 0.0 0.0 0.0 0.0 0.0 0.0 0.0 0.0 0.0 0.066667 0.615686 0.678431 0.572549 0.039216 
