0.0 0.0 0.0 0.0 0.0 0.0 0.0 0.039216 0.282353 0.564706 0.752941 0.803922 0.788235 0.27451 0.0 
0.0 0.0 0.0 0.0 0.086275 0.423529 0.647059 0.780392 0.658824 0.392157 0.184314 0.031373 0.133333 0.619608 0.192157 
0.0 0.0 0.0 0.329412 0.733333 0.494118 0.207843 0.427451 0.082353 0.0 0.0 0.0 0.0 0.137255 0.545098 
0.0 0.039216 0.529412 0.6 0.070588 0.0 0.007843 0.4 0.015686 0.0 0.0 0.0 0.0 0.0 0.411765 
0.094118 0.623529 0.419608 0.007843 0.0 0.0 0.031373 0.333333 0.0 0.0 0.0 0.0 0.0 0.0 0.313725 
0.654902 0.298039 0.0 0.0 0.0 0.0 0.023529 0.345098 0.0 0.0 0.0 0.0 0.0 0.0 0.301961 
0.172549 0.0 0.0 0.0 0.0 0.0 0.003922 0.364706 0.011765 0.0 0.0 0.0 0.0 0.0 0.301961 
0.0 0.0 0.0 0.0 0.0 0.0 0.0 0.34902 0.047059 0.0 0.0 0.0 0.0 0.0 0.321569 
0.0 0.0 0.0 0.0 0.0 0.0 0.0 0.309804 0.109804 0.0 0.0 0.0 0.0 0.0 0.368627 
0.0 0.0 0.0 0.0 0.0 0.0 0.0 0.243137 0.176471 0.0 0.0 0.0 0.0 0.015686 0.423529 
0.0 0.0 0.0 0.0 0.0 0.0 0.0 0.188235 0.235294 0.0 0.0 0.0 0.0 0.117647 0.392157 
0.0 0.0 0.0 0.0 0.0 0.0 0.0 0.098039 0.376471 0.0 0.0 0.0 0.0 0.227451 0.239216 
0.0 0.0 0.0 0.0 0.0 0.0 0.0 0.0 0.462745 0.062745 0.0 0.0 0.0 0.454902 0.105882 
0.0 0.0 0.0 0.0 0.0 0.0 0.0 0.0 0.282353 0.513725 0.035294 0.07451 0.423529 0.435294 0.0 
0.0 0.0 0.0 0.0 0.0 0.0 0.0 0.0 0.0 0.470588 0.823529 0.8 0.584314 0.05098 0.0 
