0.0 0.0 0.0 0.0 0.321569 0.552941 0.517647 0.517647 0.654902 0.529412 0.529412 0.533333 0.533333 0.376471 0.031373 
0.0 0.0 0.035294 0.411765 0.333333 0.011765 0.0 0.023529 0.286275 0.0 0.0 0.003922 0.047059 0.286275 0.403922 
0.0 0.015686 0.45098 0.227451 0.0 0.0 0.0 0.015686 0.294118 0.0 0.0 0.0 0.0 0.0 0.34902 
0.0 0.266667 0.235294 0.0 0.0 0.0 0.0 0.0 0.305882 0.015686 0.0 0.0 0.0 0.0 0.258824 
0.023529 0.356863 0.011765 0.0 0.0 0.0 0.0 0.0 0.290196 0.054902 0.0 0.0 0.0 0.0 0.301961 
0.180392 0.247059 0.0 0.0 0.0 0.0 0.0 0.0 0.223529 0.14902 0.0 0.0 0.0 0.0 0.321569 
0.309804 0.094118 0.0 0.0 0.0 0.0 0.0 0.0 0.121569 0.25098 0.0 0.0 0.0 0.015686 0.333333 
0.360784 0.015686 0.0 0.0 0.0 0.0 0.0 0.0 0.023529 0.352941 0.0 0.0 0.0 0.086275 0.301961 
0.32549 0.0 0.0 0.0 0.0 0.0 0.0 0.0 0.0 0.301961 0.14902 0.0 0.0 0.254902 0.203922 
0.254902 0.0 0.0 0.0 0.0 0.0 0.0 0.0 0.0 0.070588 0.482353 0.478431 0.498039 0.415686 0.027451 
0.247059 0.0 0.0 0.0 0.0 0.0 0.0 0.0 0.0 0.0 0.027451 0.07451 0.047059 0.0 0.0 
0.282353 0.0 0.0 0.0 0.0 0.0 0.0 0.0 0.0 0.0 0.0 0.0 0.0 0.0 0.0 
0.403922 0.019608 0.0 0.0 0.0 0.0 0.0 0.0 0.0 0.0 0.0 0.0 0.0 0.0 0.0 
0.282353 0.137255 0.0 0.0 0.0 0.0 0.0 0.0 0.0 0.0 0.0 0.0 0.0 0.0 0.0 
0.101961 0.2 0.0 0.0 0.0 0.0 0.0 0.0 0.0 0.0 0.0 0.0 0.0 0.0 0.0 
