0.0 0.0 0.0 0.0 0.0 0.011765 0.086275 0.172549 0.211765 0.164706 0.176471 0.211765 0.117647 0.003922 0.0 
0.0 0.0 0.0 0.023529 0.14902 0.196078 0.141176 0.062745 0.0 0.0 0.0 0.011765 0.12549 0.160784 0.003922 
0.0 0.027451 0.156863 0.192157 0.07451 0.0 0.0 0.0 0.0 0.0 0.0 0.0 0.0 0.086275 0.113725 
0.035294 0.184314 0.070588 0.0 0.0 0.0 0.0 0.0 0.0 0.0 0.0 0.0 0.0 0.003922 0.145098 
0.109804 0.05098 0.0 0.0 0.0 0.0 0.0 0.0 0.0 0.0 0.0 0.0 0.0 0.0 0.105882 
0.117647 0.019608 0.0 0.0 0.0 0.0 0.0 0.0 0.0 0.0 0.0 0.0 0.0 0.0 0.078431 
0.129412 0.0 0.0 0.0 0.0 0.0 0.0 0.0 0.0 0.0 0.0 0.0 0.0 0.0 0.078431 
0.133333 0.0 0.0 0.0 0.0 0.0 0.0 0.0 0.0 0.0 0.0 0.0 0.0 0.0 0.105882 
0.098039 0.0 0.0 0.0 0.0 0.0 0.0 0.0 0.0 0.0 0.0 0.0 0.0 0.0 0.133333 
0.070588 0.0 0.0 0.0 0.0 0.0 0.0 0.0 0.0 0.0 0.0 0.0 0.0 0.031373 0.121569 
0.145098 0.0 0.0 0.0 0.0 0.0 0.0 0.0 0.0 0.0 0.0 0.0 0.0 0.094118 0.066667 
0.137255 0.121569 0.0 0.0 0.0 0.0 0.0 0.0 0.0 0.0 0.0 0.0 0.031373 0.152941 0.003922 
0.0 0.129412 0.117647 0.0 0.0 0.0 0.0 0.0 0.0 0.0 0.0 0.011765 0.168627 0.039216 0.0 
0.0 0.0 0.141176 0.047059 0.0 0.0 0.0 0.0 0.0 0.003922 0.101961 0.196078 0.066667 0.0 0.0 
0.0 0.0 0.027451 0.203922 0.164706 0.14902 0.14902 0.180392 0.203922 0.211765 0.137255 0.015686 0.0 0.0 0.0 
