0.0 0.0 0.05098 0.156863 0.160784 0.121569 0.109804 0.109804 0.113725 0.129412 0.156863 0.164706 0.094118 0.007843 0.0 
0.0 0.086275 0.145098 0.027451 0.0 0.0 0.0 0.0 0.0 0.0 0.0 0.015686 0.094118 0.14902 0.015686 
0.078431 0.12549 0.0 0.0 0.0 0.0 0.0 0.0 0.0 0.0 0.0 0.0 0.0 0.058824 0.129412 
0.152941 0.007843 0.0 0.0 0.0 0.0 0.0 0.0 0.0 0.0 0.0 0.0 0.0 0.0 0.141176 
0.117647 0.0 0.0 0.0 0.0 0.0 0.0 0.0 0.0 0.0 0.0 0.0 0.0 0.0 0.105882 
0.090196 0.0 0.0 0.0 0.0 0.0 0.0 0.0 0.0 0.0 0.0 0.0 0.0 0.0 0.086275 
0.082353 0.0 0.0 0.0 0.0 0.0 0.0 0.0 0.0 0.0 0.0 0.0 0.0 0.0 0.082353 
0.094118 0.0 0.0 0.0 0.0 0.0 0.0 0.0 0.0 0.0 0.0 0.0 0.0 0.0 0.090196 
0.129412 0.0 0.0 0.0 0.0 0.0 0.0 0.0 0.0 0.0 0.0 0.0 0.0 0.0 0.121569 
0.145098 0.023529 0.0 0.0 0.0 0.0 0.0 0.0 0.0 0.0 0.0 0.0 0.0 0.043137 0.14902 
0.062745 0.12549 0.0 0.0 0.0 0.0 0.0 0.0 0.0 0.0 0.0 0.0 0.027451 0.152941 0.023529 
0.0 0.113725 0.152941 0.027451 0.0 0.0 0.0 0.0 0.0 0.0 0.0 0.003922 0.145098 0.035294 0.0 
0.0 0.0 0.035294 0.160784 0.054902 0.0 0.0 0.0 0.0 0.0 0.0 0.117647 0.078431 0.0 0.0 
0.0 0.0 0.0 0.015686 0.145098 0.070588 0.0 0.0 0.0 0.003922 0.121569 0.101961 0.0 0.0 0.0 
0.0 0.0 0.0 0.0 0.007843 0.145098 0.14902 0.105882 0.109804 0.168627 0.086275 0.0 0.0 0.0 0.0 
