0.0 0.0 0.0 0.0 0.015686 0.156863 0.235294 0.239216 0.188235 0.168627 0.192157 0.231373 0.05098 0.0 0.0 
0.0 0.0 0.0 0.070588 0.215686 0.117647 0.023529 0.0 0.0 0.0 0.0 0.039216 0.192157 0.015686 0.0 
0.0 0.0 0.133333 0.196078 0.027451 0.0 0.0 0.0 0.0 0.0 0.0 0.0 0.078431 0.145098 0.0 
0.0 0.14902 0.145098 0.0 0.0 0.0 0.0 0.0 0.0 0.0 0.0 0.0 0.0 0.152941 0.070588 
0.141176 0.145098 0.0 0.0 0.0 0.0 0.0 0.0 0.0 0.0 0.0 0.0 0.0 0.031373 0.168627 
0.196078 0.0 0.0 0.0 0.0 0.0 0.0 0.0 0.0 0.0 0.0 0.0 0.0 0.0 0.14902 
0.129412 0.0 0.0 0.0 0.0 0.0 0.0 0.0 0.0 0.0 0.0 0.0 0.0 0.0 0.109804 
0.14902 0.0 0.0 0.0 0.0 0.0 0.0 0.0 0.0 0.0 0.0 0.0 0.0 0.0 0.090196 
0.188235 0.023529 0.0 0.0 0.0 0.0 0.0 0.0 0.0 0.0 0.0 0.0 0.0 0.0 0.090196 
0.090196 0.192157 0.003922 0.0 0.0 0.0 0.0 0.0 0.0 0.0 0.0 0.0 0.0 0.0 0.113725 
0.0 0.109804 0.14902 0.0 0.0 0.0 0.0 0.0 0.0 0.0 0.0 0.0 0.0 0.031373 0.211765 
0.0 0.0 0.168627 0.05098 0.0 0.0 0.0 0.0 0.0 0.0 0.0 0.0 0.047059 0.203922 0.05098 
0.0 0.0 0.05098 0.145098 0.0 0.0 0.0 0.0 0.0 0.0 0.0 0.082353 0.211765 0.035294 0.0 
0.0 0.0 0.0 0.164706 0.05098 0.0 0.0 0.0 0.0 0.023529 0.156863 0.184314 0.011765 0.0 0.0 
0.0 0.0 0.0 0.035294 0.231373 0.180392 0.172549 0.168627 0.203922 0.239216 0.117647 0.0 0.0 0.0 0.0 
