0.0 0.070588 0.215686 0.254902 0.247059 0.247059 0.247059 0.239216 0.231373 0.207843 0.184314 0.203922 0.239216 0.058824 0.0 
0.129412 0.203922 0.066667 0.003922 0.0 0.0 0.0 0.0 0.0 0.0 0.0 0.0 0.043137 0.2 0.027451 
0.176471 0.0 0.0 0.0 0.0 0.0 0.0 0.0 0.0 0.0 0.0 0.0 0.0 0.062745 0.133333 
0.082353 0.0 0.0 0.0 0.0 0.0 0.0 0.0 0.0 0.0 0.0 0.0 0.0 0.0 0.152941 
0.078431 0.0 0.0 0.0 0.0 0.0 0.0 0.0 0.0 0.0 0.0 0.0 0.0 0.0 0.113725 
0.078431 0.0 0.0 0.0 0.0 0.0 0.0 0.0 0.0 0.0 0.0 0.0 0.0 0.0 0.078431 
0.078431 0.0 0.0 0.0 0.0 0.0 0.0 0.0 0.0 0.0 0.0 0.0 0.0 0.0 0.094118 
0.094118 0.0 0.0 0.0 0.0 0.0 0.0 0.0 0.0 0.0 0.0 0.0 0.0 0.0 0.156863 
0.137255 0.0 0.0 0.0 0.0 0.0 0.0 0.0 0.0 0.0 0.0 0.0 0.0 0.082353 0.160784 
0.184314 0.094118 0.0 0.0 0.0 0.0 0.0 0.0 0.0 0.0 0.0 0.0 0.023529 0.180392 0.015686 
0.011765 0.188235 0.047059 0.0 0.0 0.0 0.0 0.0 0.0 0.0 0.0 0.0 0.14902 0.066667 0.0 
0.0 0.039216 0.188235 0.011765 0.0 0.0 0.0 0.0 0.0 0.0 0.019608 0.188235 0.14902 0.0 0.0 
0.0 0.0 0.086275 0.219608 0.035294 0.0 0.0 0.0 0.0 0.027451 0.219608 0.109804 0.003922 0.0 0.0 
0.0 0.0 0.0 0.05098 0.223529 0.094118 0.0 0.011765 0.066667 0.203922 0.066667 0.0 0.0 0.0 0.0 
0.0 0.0 0.0 0.0 0.019608 0.2 0.235294 0.262745 0.231373 0.082353 0.0 0.0 0.0 0.0 0.0 
