0.0 0.0 0.0 0.0 0.0 0.0 0.0 0.0 0.0 0.05098 0.137255 0.2 0.160784 0.184314 0.105882 
0.0 0.0 0.0 0.0 0.0 0.0 0.0 0.07451 0.172549 0.164706 0.086275 0.023529 0.0 0.003922 0.164706 
0.0 0.0 0.0 0.0 0.0 0.078431 0.188235 0.141176 0.031373 0.0 0.0 0.0 0.0 0.0 0.105882 
0.0 0.0 0.0 0.015686 0.152941 0.141176 0.019608 0.0 0.0 0.0 0.0 0.0 0.0 0.0 0.086275 
0.0 0.0 0.07451 0.184314 0.070588 0.0 0.0 0.0 0.0 0.0 0.0 0.0 0.0 0.0 0.101961 
0.023529 0.168627 0.14902 0.019608 0.0 0.0 0.0 0.0 0.0 0.0 0.0 0.0 0.0 0.0 0.121569 
0.188235 0.054902 0.0 0.0 0.0 0.0 0.0 0.0 0.0 0.0 0.0 0.0 0.0 0.0 0.137255 
0.109804 0.0 0.0 0.0 0.0 0.0 0.0 0.0 0.0 0.0 0.0 0.0 0.0 0.0 0.145098 
0.086275 0.0 0.0 0.0 0.0 0.0 0.0 0.0 0.0 0.0 0.0 0.0 0.0 0.027451 0.152941 
0.090196 0.0 0.0 0.0 0.0 0.0 0.0 0.0 0.0 0.0 0.0 0.0 0.019608 0.180392 0.070588 
0.180392 0.007843 0.0 0.0 0.0 0.0 0.0 0.0 0.0 0.0 0.0 0.031373 0.180392 0.058824 0.0 
0.090196 0.145098 0.0 0.0 0.0 0.0 0.0 0.0 0.0 0.0 0.035294 0.188235 0.043137 0.0 0.0 
0.0 0.12549 0.062745 0.0 0.0 0.0 0.0 0.0 0.0 0.058824 0.192157 0.039216 0.0 0.0 0.0 
0.0 0.023529 0.156863 0.0 0.0 0.0 0.0 0.003922 0.090196 0.176471 0.019608 0.0 0.0 0.0 0.0 
0.0 0.0 0.101961 0.192157 0.14902 0.141176 0.164706 0.203922 0.145098 0.015686 0.0 0.0 0.0 0.0 0.0 
