0.0 0.0 0.0 0.0 0.0 0.0 0.137255 0.227451 0.0 0.0 0.0 0.0 0.0 0.0 0.0 
0.0 0.0 0.0 0.0 0.0 0.0 0.219608 0.286275 0.0 0.0 0.0 0.0 0.0 0.0 0.0 
0.0 0.031373 0.011765 0.0 0.0 0.0 0.313725 0.317647 0.0 0.0 0.0 0.0 0.0 0.0 0.0 
0.007843 0.431373 0.047059 0.0 0.0 0.0 0.376471 0.396078 0.0 0.0 0.0 0.0 0.0 0.0 0.0 
0.129412 0.341176 0.0 0.0 0.0 0.0 0.376471 0.388235 0.0 0.0 0.0 0.0 0.0 0.0 0.254902 
0.25098 0.188235 0.0 0.0 0.0 0.007843 0.360784 0.356863 0.003922 0.0 0.0 0.0 0.0 0.0 0.305882 
0.345098 0.094118 0.0 0.0 0.0 0.039216 0.313725 0.317647 0.054902 0.0 0.0 0.0 0.0 0.0 0.305882 
0.384314 0.027451 0.0 0.0 0.0 0.082353 0.286275 0.25098 0.133333 0.0 0.0 0.0 0.0 0.0 0.333333 
0.372549 0.0 0.0 0.0 0.0 0.180392 0.231373 0.176471 0.2 0.0 0.0 0.0 0.0 0.0 0.372549 
0.341176 0.0 0.0 0.0 0.0 0.32549 0.113725 0.117647 0.282353 0.0 0.0 0.0 0.0 0.011765 0.392157 
0.305882 0.0 0.0 0.0 0.015686 0.403922 0.007843 0.035294 0.415686 0.007843 0.0 0.0 0.0 0.07451 0.364706 
0.352941 0.0 0.0 0.0 0.219608 0.321569 0.0 0.0 0.345098 0.301961 0.0 0.0 0.0 0.156863 0.286275 
0.454902 0.027451 0.0 0.035294 0.494118 0.062745 0.0 0.0 0.015686 0.505882 0.172549 0.0 0.0 0.270588 0.172549 
0.329412 0.321569 0.0 0.333333 0.270588 0.0 0.0 0.0 0.0 0.105882 0.572549 0.431373 0.211765 0.439216 0.05098 
0.015686 0.52549 0.698039 0.537255 0.0 0.0 0.0 0.0 0.0 0.0 0.035294 0.356863 0.576471 0.356863 0.0 
