0.0 0.0 0.0 0.0 0.0 0.0 0.0 0.0 0.0 0.0 0.0 0.0 0.062745 0.462745 0.011765 
0.0 0.101961 0.039216 0.0 0.0 0.0 0.0 0.0 0.0 0.0 0.0 0.0 0.0 0.290196 0.337255 
0.011765 0.431373 0.054902 0.0 0.0 0.078431 0.062745 0.0 0.0 0.0 0.0 0.0 0.0 0.015686 0.419608 
0.164706 0.278431 0.0 0.0 0.0 0.196078 0.176471 0.0 0.0 0.0 0.0 0.0 0.0 0.0 0.294118 
0.313725 0.117647 0.0 0.0 0.0 0.219608 0.2 0.0 0.0 0.0 0.0 0.0 0.0 0.0 0.25098 
0.364706 0.015686 0.0 0.0 0.0 0.384314 0.25098 0.0 0.0 0.0 0.0 0.0 0.0 0.0 0.278431 
0.32549 0.0 0.0 0.0 0.0 0.407843 0.266667 0.0 0.0 0.0 0.0 0.0 0.0 0.0 0.329412 
0.278431 0.0 0.0 0.0 0.031373 0.337255 0.282353 0.0 0.0 0.0 0.0 0.0 0.0 0.0 0.321569 
0.254902 0.0 0.0 0.0 0.070588 0.262745 0.278431 0.003922 0.0 0.0 0.0 0.0 0.0 0.007843 0.321569 
0.25098 0.0 0.0 0.0 0.133333 0.215686 0.27451 0.031373 0.0 0.0 0.0 0.0 0.0 0.027451 0.321569 
0.384314 0.0 0.0 0.0 0.247059 0.12549 0.243137 0.07451 0.0 0.0 0.0 0.0 0.0 0.07451 0.309804 
0.431373 0.207843 0.0 0.039216 0.431373 0.011765 0.219608 0.12549 0.0 0.0 0.0 0.0 0.0 0.207843 0.235294 
0.054902 0.490196 0.368627 0.568627 0.235294 0.0 0.160784 0.317647 0.0 0.0 0.0 0.0 0.015686 0.427451 0.062745 
0.0 0.090196 0.34902 0.101961 0.0 0.0 0.0 0.419608 0.247059 0.023529 0.0 0.0 0.364706 0.270588 0.0 
0.0 0.0 0.0 0.0 0.0 0.0 0.0 0.070588 0.517647 0.631373 0.6 0.631373 0.423529 0.0 0.0 
