0.066667 0.376471 0.0 0.0 0.0 0.0 0.0 0.0 0.0 0.0 0.0 0.0 0.0 0.0 0.352941 
0.301961 0.317647 0.0 0.0 0.0 0.0 0.0 0.0 0.0 0.0 0.0 0.0 0.0 0.0 0.341176 
0.4 0.066667 0.0 0.0 0.0 0.0 0.0 0.007843 0.0 0.0 0.0 0.0 0.0 0.0 0.309804 
0.415686 0.0 0.0 0.0 0.0 0.0 0.0 0.364706 0.133333 0.0 0.0 0.0 0.0 0.0 0.305882 
0.337255 0.0 0.0 0.0 0.0 0.0 0.0 0.47451 0.196078 0.0 0.0 0.0 0.0 0.0 0.305882 
0.309804 0.0 0.0 0.0 0.0 0.0 0.0 0.47451 0.196078 0.0 0.0 0.0 0.0 0.0 0.317647 
0.368627 0.0 0.0 0.0 0.0 0.0 0.0 0.403922 0.192157 0.0 0.0 0.0 0.0 0.0 0.34902 
0.4 0.011765 0.0 0.0 0.0 0.0 0.0 0.266667 0.215686 0.0 0.0 0.0 0.0 0.0 0.372549 
0.376471 0.082353 0.0 0.0 0.0 0.0 0.0 0.278431 0.360784 0.0 0.0 0.0 0.0 0.011765 0.388235 
0.258824 0.32549 0.0 0.0 0.0 0.0 0.0 0.27451 0.509804 0.0 0.0 0.0 0.0 0.05098 0.368627 
0.007843 0.501961 0.129412 0.0 0.0 0.0 0.0 0.223529 0.545098 0.003922 0.0 0.0 0.0 0.090196 0.341176 
0.0 0.137255 0.576471 0.094118 0.0 0.0 0.0 0.203922 0.517647 0.14902 0.0 0.0 0.0 0.164706 0.266667 
0.0 0.0 0.192157 0.643137 0.333333 0.117647 0.12549 0.498039 0.239216 0.45098 0.0 0.0 0.0 0.223529 0.196078 
0.0 0.0 0.0 0.062745 0.466667 0.615686 0.631373 0.294118 0.0 0.368627 0.47451 0.078431 0.0 0.290196 0.133333 
0.0 0.0 0.0 0.0 0.0 0.0 0.0 0.0 0.0 0.003922 0.392157 0.705882 0.709804 0.643137 0.023529 
