0.356863 0.184314 0.0 0.0 0.0 0.0 0.0 0.0 0.0 0.0 0.0 0.0 0.0 0.0 0.211765 
0.419608 0.003922 0.0 0.0 0.003922 0.0 0.0 0.0 0.0 0.0 0.0 0.0 0.0 0.0 0.290196 
0.305882 0.0 0.0 0.0 0.219608 0.07451 0.0 0.0 0.0 0.0 0.0 0.0 0.0 0.0 0.301961 
0.290196 0.0 0.0 0.0 0.364706 0.109804 0.0 0.0 0.0 0.0 0.0 0.0 0.0 0.0 0.317647 
0.411765 0.0 0.0 0.0 0.588235 0.121569 0.0 0.0 0.0 0.0 0.0 0.0 0.0 0.0 0.337255 
0.372549 0.470588 0.34902 0.439216 0.509804 0.168627 0.0 0.0 0.0 0.0 0.0 0.0 0.0 0.0 0.34902 
0.003922 0.184314 0.282353 0.2 0.129412 0.27451 0.0 0.0 0.0 0.0 0.0 0.0 0.0 0.003922 0.360784 
0.0 0.0 0.0 0.0 0.031373 0.372549 0.0 0.0 0.0 0.0 0.0 0.0 0.0 0.035294 0.360784 
0.0 0.0 0.0 0.0 0.0 0.333333 0.101961 0.0 0.0 0.0 0.0 0.0 0.0 0.082353 0.321569 
0.0 0.0 0.0 0.0 0.0 0.176471 0.282353 0.0 0.0 0.0 0.0 0.0 0.0 0.133333 0.266667 
0.0 0.0 0.0 0.0 0.0 0.031373 0.368627 0.0 0.0 0.0 0.0 0.0 0.0 0.168627 0.227451 
0.0 0.0 0.0 0.0 0.0 0.0 0.356863 0.176471 0.0 0.0 0.0 0.0 0.0 0.235294 0.168627 
0.0 0.0 0.0 0.0 0.0 0.0 0.066667 0.478431 0.07451 0.0 0.0 0.0 0.0 0.356863 0.082353 
0.0 0.0 0.0 0.0 0.0 0.0 0.0 0.145098 0.529412 0.2 0.0 0.0 0.137255 0.380392 0.0 
0.0 0.0 0.0 0.0 0.0 0.0 0.0 0.0 0.078431 0.486275 0.584314 0.54902 0.576471 0.113725 0.0 
