0.0 0.0 0.0 0.0 0.0 0.007843 0.321569 0.0 0.0 0.0 0.0 0.0 0.0 0.0 0.180392 
0.117647 0.035294 0.0 0.0 0.0 0.031373 0.427451 0.0 0.0 0.0 0.0 0.0 0.0 0.0 0.294118 
0.403922 0.035294 0.0 0.0 0.0 0.121569 0.54902 0.0 0.0 0.0 0.0 0.0 0.0 0.0 0.301961 
0.32549 0.0 0.0 0.0 0.0 0.27451 0.462745 0.0 0.0 0.0 0.0 0.0 0.0 0.0 0.309804 
0.294118 0.0 0.0 0.0 0.0 0.321569 0.360784 0.0 0.0 0.0 0.0 0.0 0.0 0.0 0.341176 
0.443137 0.043137 0.0 0.0 0.011765 0.333333 0.32549 0.023529 0.0 0.0 0.0 0.0 0.0 0.023529 0.376471 
0.192157 0.478431 0.380392 0.364706 0.443137 0.282353 0.262745 0.101961 0.0 0.0 0.0 0.0 0.0 0.160784 0.294118 
0.0 0.058824 0.176471 0.184314 0.145098 0.0 0.172549 0.247059 0.0 0.0 0.0 0.0 0.0 0.247059 0.137255 
0.0 0.0 0.0 0.0 0.0 0.0 0.023529 0.380392 0.015686 0.0 0.0 0.0 0.0 0.286275 0.07451 
0.0 0.0 0.0 0.0 0.0 0.0 0.0 0.262745 0.184314 0.0 0.0 0.0 0.0 0.305882 0.035294 
0.0 0.0 0.0 0.0 0.0 0.0 0.0 0.070588 0.34902 0.0 0.0 0.0 0.0 0.313725 0.015686 
0.0 0.0 0.0 0.0 0.0 0.0 0.0 0.0 0.333333 0.058824 0.0 0.0 0.003922 0.313725 0.007843 
0.0 0.0 0.0 0.0 0.0 0.0 0.0 0.0 0.227451 0.188235 0.0 0.0 0.027451 0.32549 0.0 
0.0 0.0 0.0 0.0 0.0 0.0 0.0 0.0 0.058824 0.439216 0.086275 0.0 0.192157 0.270588 0.0 
0.0 0.0 0.0 0.0 0.0 0.0 0.0 0.0 0.0 0.129412 0.509804 0.490196 0.505882 0.043137 0.0 
