0.0 0.0 0.0 0.039216 0.109804 0.0 0.0 0.0 0.0 0.0 0.0 0.0 0.0 0.0 0.0 
0.0 0.0 0.0 0.094118 0.07451 0.0 0.0 0.0 0.0 0.0 0.0 0.0 0.0 0.0 0.0 
0.0 0.0 0.0 0.164706 0.015686 0.0 0.0 0.0 0.0 0.0 0.0 0.0 0.0 0.0 0.0 
0.0 0.0 0.066667 0.137255 0.0 0.0 0.0 0.0 0.0 0.0 0.0 0.0 0.0 0.0 0.0 
0.0 0.0 0.113725 0.043137 0.0 0.0 0.0 0.0 0.0 0.0 0.0 0.0 0.0 0.0 0.0 
0.0 0.0 0.117647 0.007843 0.0 0.0 0.0 0.0 0.0 0.0 0.0 0.0 0.0 0.0 0.0 
0.0 0.003922 0.113725 0.0 0.0 0.0 0.0 0.0 0.0 0.0 0.0 0.0 0.0 0.0 0.003922 
0.0 0.015686 0.109804 0.0 0.0 0.0 0.0 0.0 0.0 0.0 0.0 0.0 0.0 0.0 0.0 
0.0 0.047059 0.101961 0.0 0.0 0.0 0.0 0.0 0.0 0.0 0.0 0.0 0.0 0.0 0.0 
0.0 0.113725 0.062745 0.0 0.0 0.0 0.0 0.0 0.0 0.0 0.0 0.0 0.0 0.0 0.0 
0.003922 0.168627 0.007843 0.0 0.0 0.0 0.0 0.0 0.0 0.0 0.0 0.0 0.0 0.0 0.0 
0.054902 0.121569 0.0 0.0 0.0 0.0 0.0 0.0 0.0 0.0 0.0 0.027451 0.207843 0.239216 0.235294 
0.152941 0.070588 0.0 0.0 0.0 0.0 0.0 0.0 0.0 0.0 0.019608 0.25098 0.152941 0.105882 0.109804 
0.188235 0.003922 0.0 0.0 0.0 0.0 0.0 0.0 0.0 0.043137 0.262745 0.090196 0.0 0.0 0.0 
0.384314 0.282353 0.290196 0.290196 0.290196 0.290196 0.290196 0.290196 0.298039 0.313725 0.07451 0.0 0.0 0.0 0.0 
