0.0 0.0 0.0 0.0 0.031373 0.137255 0.0 0.0 0.0 0.0 0.0 0.0 0.0 0.0 0.0 
0.0 0.0 0.0 0.0 0.113725 0.094118 0.0 0.0 0.0 0.0 0.0 0.0 0.0 0.0 0.0 
0.0 0.0 0.0 0.003922 0.184314 0.015686 0.0 0.0 0.0 0.0 0.0 0.0 0.0 0.0 0.0 
0.0 0.0 0.0 0.070588 0.113725 0.0 0.0 0.0 0.0 0.0 0.0 0.0 0.0 0.0 0.0 
0.0 0.0 0.0 0.141176 0.035294 0.0 0.0 0.0 0.0 0.0 0.0 0.0 0.0 0.0 0.0 
0.0 0.0 0.039216 0.156863 0.0 0.0 0.0 0.0 0.0 0.0 0.0 0.0 0.0 0.0 0.0 
0.0 0.0 0.129412 0.058824 0.0 0.0 0.0 0.0 0.0 0.0 0.0 0.0 0.003922 0.062745 0.196078 
0.0 0.007843 0.141176 0.0 0.0 0.0 0.0 0.0 0.0 0.0 0.062745 0.215686 0.262745 0.239216 0.113725 
0.0 0.043137 0.109804 0.0 0.0 0.0 0.0 0.0 0.027451 0.227451 0.235294 0.082353 0.019608 0.0 0.0 
0.0 0.101961 0.062745 0.0 0.0 0.0 0.0 0.094118 0.247059 0.07451 0.0 0.0 0.0 0.0 0.0 
0.0 0.145098 0.007843 0.0 0.0 0.023529 0.188235 0.207843 0.027451 0.0 0.0 0.0 0.0 0.0 0.0 
0.058824 0.121569 0.0 0.0 0.078431 0.254902 0.121569 0.0 0.0 0.0 0.0 0.0 0.0 0.0 0.0 
0.133333 0.047059 0.039216 0.215686 0.223529 0.023529 0.0 0.0 0.0 0.0 0.0 0.0 0.0 0.0 0.0 
0.156863 0.137255 0.239216 0.082353 0.0 0.0 0.0 0.0 0.0 0.0 0.0 0.0 0.0 0.0 0.0 
0.396078 0.176471 0.007843 0.0 0.0 0.0 0.0 0.0 0.0 0.0 0.0 0.0 0.0 0.0 0.0 
