0.0 0.121569 0.019608 0.0 0.0 0.0 0.0 0.0 0.0 0.0 0.0 0.0 0.0 0.0 0.0 
0.0 0.14902 0.007843 0.0 0.0 0.0 0.0 0.0 0.0 0.0 0.0 0.0 0.0 0.0 0.0 
0.015686 0.176471 0.0 0.0 0.0 0.0 0.0 0.0 0.0 0.0 0.0 0.0 0.0 0.0 0.0 
0.043137 0.137255 0.0 0.0 0.0 0.0 0.0 0.0 0.0 0.0 0.0 0.0 0.0 0.0 0.0 
0.058824 0.101961 0.0 0.0 0.0 0.0 0.0 0.0 0.0 0.0 0.0 0.0 0.0 0.0 0.0 
0.07451 0.07451 0.0 0.0 0.0 0.0 0.0 0.0 0.0 0.0 0.0 0.0 0.0 0.0 0.0 
0.098039 0.062745 0.0 0.0 0.0 0.0 0.0 0.0 0.0 0.0 0.0 0.0 0.0 0.0 0.0 
0.129412 0.043137 0.0 0.0 0.0 0.0 0.0 0.0 0.0 0.0 0.0 0.0 0.0 0.0 0.0 
0.164706 0.023529 0.0 0.0 0.0 0.0 0.0 0.0 0.0 0.0 0.0 0.0 0.0 0.0 0.0 
0.168627 0.003922 0.0 0.0 0.0 0.0 0.0 0.0 0.0 0.0 0.0 0.0 0.0 0.0 0.003922 
0.133333 0.0 0.0 0.0 0.0 0.0 0.0 0.0 0.0 0.0 0.0 0.0 0.019608 0.215686 0.580392 
0.145098 0.0 0.0 0.0 0.0 0.0 0.0 0.0 0.0 0.0 0.066667 0.172549 0.545098 0.592157 0.2 
0.109804 0.0 0.0 0.090196 0.333333 0.337255 0.333333 0.384314 0.54902 0.556863 0.635294 0.647059 0.227451 0.0 0.0 
0.215686 0.427451 0.541176 0.576471 0.498039 0.494118 0.498039 0.447059 0.278431 0.278431 0.101961 0.0 0.0 0.0 0.0 
0.713725 0.411765 0.317647 0.145098 0.0 0.0 0.0 0.0 0.0 0.0 0.0 0.0 0.0 0.0 0.0 
