0.0 0.0 0.0 0.094118 0.023529 0.0 0.0 0.0 0.0 0.0 0.0 0.0 0.0 0.0 0.0 
0.0 0.0 0.0 0.098039 0.027451 0.0 0.0 0.0 0.0 0.0 0.0 0.0 0.0 0.0 0.0 
0.0 0.0 0.0 0.101961 0.023529 0.0 0.0 0.0 0.0 0.0 0.0 0.0 0.0 0.0 0.0 
0.0 0.0 0.0 0.113725 0.011765 0.0 0.0 0.0 0.0 0.0 0.0 0.0 0.0 0.0 0.0 
0.0 0.0 0.0 0.12549 0.0 0.0 0.0 0.0 0.0 0.0 0.0 0.0 0.0 0.0 0.0 
0.0 0.0 0.019608 0.117647 0.0 0.0 0.0 0.0 0.0 0.0 0.0 0.0 0.0 0.0 0.0 
0.0 0.0 0.078431 0.086275 0.0 0.0 0.0 0.0 0.0 0.0 0.0 0.0 0.0 0.0 0.066667 
0.0 0.007843 0.160784 0.015686 0.0 0.0 0.0 0.0 0.0 0.0 0.0 0.0 0.0 0.0 0.082353 
0.0 0.113725 0.090196 0.0 0.0 0.0 0.0 0.0 0.0 0.0 0.0 0.0 0.0 0.0 0.094118 
0.066667 0.172549 0.007843 0.011765 0.011765 0.011765 0.011765 0.019608 0.027451 0.027451 0.027451 0.003922 0.0 0.0 0.094118 
0.360784 0.223529 0.203922 0.207843 0.207843 0.207843 0.207843 0.203922 0.2 0.2 0.2 0.211765 0.207843 0.184314 0.258824 
0.015686 0.0 0.0 0.0 0.0 0.0 0.0 0.0 0.0 0.0 0.0 0.003922 0.019608 0.027451 0.129412 
0.0 0.0 0.0 0.0 0.0 0.0 0.0 0.0 0.0 0.0 0.0 0.0 0.0 0.0 0.094118 
0.0 0.0 0.0 0.0 0.0 0.0 0.0 0.0 0.0 0.0 0.0 0.0 0.0 0.0 0.090196 
0.0 0.0 0.0 0.0 0.0 0.0 0.0 0.0 0.0 0.0 0.0 0.0 0.0 0.0 0.090196 
