0.145098 0.0 0.0 0.0 0.0 0.0 0.0 0.0 0.0 0.0 0.0 0.0 0.0 0.0 0.0 
0.360784 0.0 0.0 0.0 0.0 0.0 0.0 0.0 0.0 0.0 0.0 0.0 0.0 0.0 0.0 
0.541176 0.0 0.0 0.0 0.0 0.0 0.0 0.0 0.0 0.0 0.0 0.0 0.0 0.0 0.0 
0.615686 0.054902 0.0 0.0 0.0 0.0 0.0 0.0 0.0 0.0 0.0 0.0 0.0 0.0 0.0 
0.545098 0.235294 0.0 0.0 0.0 0.0 0.0 0.0 0.0 0.0 0.0 0.0 0.0 0.0 0.0 
0.360784 0.584314 0.0 0.0 0.0 0.0 0.0 0.0 0.0 0.0 0.0 0.0 0.0 0.0 0.0 
0.133333 0.866667 0.843137 0.85098 0.85098 0.85098 0.85098 0.85098 0.858824 0.8 0.090196 0.0 0.0 0.0 0.0 
0.0 0.67451 1.0 1.0 1.0 1.0 1.0 1.0 1.0 1.0 0.258824 0.0 0.0 0.0 0.0 
0.0 0.266667 0.870588 0.85098 0.85098 0.85098 0.85098 0.85098 0.85098 0.901961 0.443137 0.0 0.0 0.0 0.0 
0.0 0.0 0.0 0.0 0.0 0.0 0.0 0.0 0.0 0.078431 0.490196 0.0 0.0 0.0 0.0 
0.0 0.0 0.0 0.0 0.0 0.0 0.0 0.0 0.0 0.0 0.537255 0.078431 0.0 0.0 0.0 
0.0 0.0 0.0 0.0 0.0 0.0 0.0 0.0 0.0 0.0 0.478431 0.647059 0.243137 0.0 0.0 
0.0 0.0 0.0 0.0 0.0 0.0 0.0 0.0 0.0 0.0 0.278431 1.0 0.831373 0.658824 0.662745 
0.0 0.0 0.0 0.0 0.0 0.0 0.0 0.0 0.0 0.0 0.094118 0.921569 1.0 1.0 1.0 
0.0 0.0 0.0 0.0 0.0 0.0 0.0 0.0 0.0 0.0 0.003922 0.054902 0.607843 1.0 0.992157 
