0.007843 0.54902 0.854902 0.278431 0.0 0.0 0.0 0.0 0.0 0.0 0.0 0.0 0.0 0.0 0.0 
0.45098 0.458824 0.113725 0.588235 0.090196 0.0 0.0 0.0 0.0 0.0 0.0 0.0 0.0 0.0 0.0 
0.486275 0.007843 0.0 0.235294 0.345098 0.0 0.0 0.0 0.0 0.0 0.0 0.0 0.0 0.290196 0.023529 
0.286275 0.0 0.0 0.027451 0.384314 0.0 0.0 0.0 0.0 0.0 0.0 0.0 0.0 0.4 0.313725 
0.262745 0.0 0.0 0.0 0.333333 0.05098 0.0 0.0 0.0 0.0 0.0 0.0 0.0 0.062745 0.521569 
0.262745 0.0 0.0 0.0 0.270588 0.098039 0.0 0.0 0.0 0.0 0.0 0.0 0.0 0.0 0.356863 
0.262745 0.0 0.0 0.0 0.227451 0.160784 0.0 0.0 0.0 0.0 0.0 0.0 0.0 0.0 0.262745 
0.262745 0.0 0.0 0.0 0.168627 0.196078 0.0 0.0 0.0 0.0 0.0 0.0 0.0 0.0 0.262745 
0.266667 0.0 0.0 0.0 0.141176 0.207843 0.0 0.0 0.0 0.0 0.0 0.0 0.0 0.0 0.262745 
0.309804 0.0 0.0 0.0 0.152941 0.211765 0.0 0.0 0.0 0.0 0.0 0.0 0.0 0.0 0.301961 
0.4 0.0 0.0 0.0 0.25098 0.176471 0.0 0.0 0.0 0.0 0.0 0.0 0.0 0.015686 0.517647 
0.403922 0.078431 0.0 0.0 0.396078 0.07451 0.0 0.0 0.0 0.0 0.0 0.0 0.0 0.392157 0.411765 
0.282353 0.27451 0.0 0.05098 0.576471 0.086275 0.011765 0.007843 0.007843 0.007843 0.0 0.062745 0.454902 0.572549 0.015686 
0.054902 0.588235 0.137255 0.290196 0.792157 0.74902 0.733333 0.729412 0.729412 0.729412 0.729412 0.752941 0.52549 0.039216 0.0 
0.0 0.235294 0.839216 0.717647 0.062745 0.054902 0.14902 0.168627 0.164706 0.164706 0.172549 0.086275 0.0 0.0 0.0 
