0.0 0.0 0.0 0.0 0.0 0.0 0.0 0.0 0.0 0.0 0.0 0.066667 0.686275 0.52549 0.027451 
0.0 0.0 0.0 0.0 0.0 0.0 0.0 0.0 0.0 0.0 0.0 0.0 0.047059 0.380392 0.439216 
0.0 0.0 0.0 0.0 0.0 0.0 0.0 0.0 0.0 0.0 0.0 0.0 0.0 0.0 0.47451 
0.0 0.0 0.0 0.003922 0.003922 0.0 0.0 0.0 0.0 0.0 0.0 0.0 0.0 0.0 0.313725 
0.0 0.011765 0.388235 0.662745 0.631373 0.145098 0.0 0.0 0.0 0.0 0.0 0.0 0.0 0.0 0.321569 
0.003922 0.466667 0.470588 0.082353 0.203922 0.509804 0.0 0.0 0.0 0.0 0.0 0.0 0.0 0.0 0.345098 
0.447059 0.403922 0.0 0.0 0.0 0.352941 0.145098 0.0 0.0 0.0 0.0 0.0 0.0 0.0 0.45098 
0.486275 0.0 0.0 0.0 0.0 0.2 0.215686 0.0 0.0 0.0 0.0 0.0 0.003922 0.423529 0.454902 
0.313725 0.0 0.0 0.0 0.0 0.176471 0.223529 0.0 0.0 0.0 0.0 0.031373 0.529412 0.466667 0.007843 
0.313725 0.0 0.0 0.0 0.0 0.176471 0.223529 0.0 0.0 0.0 0.113725 0.603922 0.337255 0.0 0.0 
0.317647 0.0 0.0 0.0 0.0 0.176471 0.223529 0.0 0.027451 0.435294 0.662745 0.207843 0.0 0.0 0.0 
0.341176 0.0 0.0 0.0 0.0 0.239216 0.223529 0.184314 0.658824 0.403922 0.019608 0.0 0.0 0.0 0.0 
0.431373 0.0 0.0 0.0 0.023529 0.647059 0.654902 0.584314 0.117647 0.0 0.0 0.0 0.0 0.0 0.0 
0.443137 0.156863 0.0 0.0 0.431373 0.72549 0.262745 0.027451 0.0 0.0 0.0 0.0 0.0 0.0 0.0 
0.137255 0.705882 0.709804 0.733333 0.588235 0.054902 0.0 0.0 0.0 0.0 0.0 0.0 0.0 0.0 0.0 
