0.0 0.0 0.0 0.0 0.0 0.0 0.0 0.0 0.0 0.0 0.0 0.023529 0.572549 0.247059 0.0 
0.0 0.0 0.0 0.0 0.0 0.0 0.0 0.0 0.0 0.0 0.0 0.0 0.090196 0.537255 0.266667 
0.0 0.0 0.0 0.058824 0.188235 0.078431 0.0 0.0 0.0 0.0 0.0 0.0 0.0 0.047059 0.509804 
0.0 0.0 0.235294 0.607843 0.556863 0.580392 0.113725 0.0 0.0 0.0 0.0 0.0 0.0 0.0 0.258824 
0.0 0.219608 0.52549 0.07451 0.0 0.133333 0.462745 0.003922 0.0 0.0 0.0 0.0 0.0 0.0 0.254902 
0.109804 0.498039 0.039216 0.0 0.0 0.0 0.305882 0.172549 0.0 0.0 0.0 0.0 0.0 0.0 0.27451 
0.505882 0.145098 0.0 0.0 0.0 0.0 0.117647 0.239216 0.0 0.0 0.0 0.0 0.0 0.121569 0.537255 
0.329412 0.0 0.0 0.0 0.0 0.0 0.098039 0.239216 0.0 0.0 0.0 0.0 0.278431 0.588235 0.215686 
0.254902 0.0 0.0 0.0 0.0 0.0 0.145098 0.227451 0.0 0.0 0.086275 0.478431 0.494118 0.058824 0.0 
0.254902 0.0 0.0 0.0 0.0 0.0 0.345098 0.133333 0.05098 0.427451 0.611765 0.298039 0.003922 0.0 0.0 
0.266667 0.0 0.0 0.0 0.0 0.258824 0.494118 0.34902 0.611765 0.333333 0.023529 0.0 0.0 0.0 0.0 
0.329412 0.0 0.0 0.0 0.0 0.643137 0.639216 0.4 0.047059 0.0 0.0 0.0 0.0 0.0 0.0 
0.388235 0.019608 0.0 0.0 0.196078 0.615686 0.054902 0.0 0.0 0.0 0.0 0.0 0.0 0.0 0.0 
0.329412 0.235294 0.0 0.156863 0.556863 0.117647 0.0 0.0 0.0 0.0 0.0 0.0 0.0 0.0 0.0 
0.043137 0.588235 0.678431 0.623529 0.109804 0.0 0.0 0.0 0.0 0.0 0.0 0.0 0.0 0.0 0.0 
