0.0 0.0 0.0 0.0 0.0 0.0 0.0 0.0 0.0 0.0 0.0 0.0 0.501961 0.223529 0.0 
0.0 0.0 0.0 0.0 0.0 0.0 0.0 0.0 0.0 0.0 0.0 0.0 0.05098 0.466667 0.062745 
0.0 0.0 0.0 0.0 0.0 0.0 0.0 0.0 0.0 0.0 0.0 0.0 0.0 0.207843 0.345098 
0.0 0.0 0.0 0.0 0.0 0.0 0.0 0.0 0.0 0.0 0.0 0.0 0.0 0.031373 0.388235 
0.0 0.192157 0.47451 0.482353 0.329412 0.058824 0.0 0.0 0.0 0.0 0.0 0.0 0.0 0.0 0.388235 
0.235294 0.513725 0.2 0.172549 0.356863 0.556863 0.235294 0.0 0.0 0.0 0.0 0.0 0.0 0.0 0.317647 
0.439216 0.054902 0.0 0.0 0.0 0.066667 0.478431 0.407843 0.0 0.0 0.0 0.0 0.0 0.0 0.298039 
0.368627 0.0 0.0 0.0 0.0 0.0 0.0 0.376471 0.117647 0.0 0.0 0.0 0.0 0.0 0.298039 
0.301961 0.0 0.0 0.0 0.0 0.0 0.0 0.219608 0.176471 0.0 0.0 0.0 0.0 0.0 0.341176 
0.317647 0.0 0.0 0.0 0.0 0.0 0.0 0.254902 0.156863 0.0 0.0 0.0 0.0 0.019608 0.439216 
0.439216 0.003922 0.0 0.0 0.0 0.0 0.015686 0.45098 0.058824 0.0 0.0 0.0 0.0 0.396078 0.32549 
0.364706 0.203922 0.0 0.0 0.0 0.0 0.360784 0.309804 0.0 0.0 0.0 0.082353 0.486275 0.364706 0.0 
0.058824 0.490196 0.078431 0.0 0.0 0.231373 0.415686 0.0 0.101961 0.235294 0.415686 0.556863 0.227451 0.0 0.0 
0.0 0.14902 0.462745 0.011765 0.031373 0.647059 0.509804 0.545098 0.529412 0.423529 0.262745 0.027451 0.0 0.0 0.0 
0.0 0.0 0.286275 0.631373 0.607843 0.423529 0.211765 0.047059 0.0 0.0 0.0 0.0 0.0 0.0 0.0 
