0.0 0.0 0.0 0.0 0.0 0.0 0.0 0.0 0.0 0.0 0.0 0.07451 0.301961 0.0 0.0 
0.0 0.0 0.0 0.0 0.0 0.0 0.0 0.0 0.0 0.0 0.0 0.0 0.423529 0.172549 0.0 
0.0 0.0 0.0 0.0 0.0 0.0 0.0 0.0 0.0 0.0 0.0 0.0 0.07451 0.490196 0.098039 
0.0 0.0 0.0 0.0 0.0 0.0 0.0 0.0 0.0 0.0 0.0 0.0 0.0 0.152941 0.337255 
0.0 0.0 0.0 0.003922 0.176471 0.32549 0.345098 0.282353 0.019608 0.0 0.0 0.0 0.0 0.007843 0.388235 
0.0 0.0 0.070588 0.478431 0.454902 0.298039 0.27451 0.396078 0.329412 0.0 0.0 0.0 0.0 0.0 0.309804 
0.0 0.133333 0.517647 0.168627 0.0 0.0 0.0 0.0 0.364706 0.078431 0.0 0.0 0.0 0.0 0.427451 
0.113725 0.478431 0.090196 0.0 0.0 0.0 0.0 0.0 0.278431 0.168627 0.0 0.0 0.011765 0.411765 0.364706 
0.482353 0.117647 0.0 0.0 0.0 0.0 0.0 0.109804 0.458824 0.023529 0.0 0.12549 0.498039 0.270588 0.0 
0.313725 0.0 0.0 0.0 0.0 0.0 0.192157 0.533333 0.101961 0.039216 0.4 0.501961 0.14902 0.0 0.0 
0.270588 0.0 0.0 0.0 0.0 0.2 0.47451 0.035294 0.184314 0.533333 0.254902 0.007843 0.0 0.0 0.0 
0.309804 0.0 0.0 0.0 0.07451 0.431373 0.129412 0.427451 0.458824 0.058824 0.0 0.0 0.0 0.0 0.0 
0.384314 0.003922 0.0 0.0 0.470588 0.552941 0.490196 0.211765 0.011765 0.0 0.0 0.0 0.0 0.0 0.0 
0.341176 0.086275 0.027451 0.352941 0.627451 0.231373 0.011765 0.0 0.0 0.0 0.0 0.0 0.0 0.0 0.0 
0.235294 0.603922 0.584314 0.372549 0.019608 0.0 0.0 0.0 0.0 0.0 0.0 0.0 0.0 0.0 0.0 
