0.0 0.0 0.0 0.321569 0.701961 0.509804 0.0 0.0 0.0 0.0 0.0 0.0 0.0 0.0 0.0 
0.0 0.05098 0.509804 0.478431 0.086275 0.301961 0.003922 0.0 0.0 0.0 0.0 0.0 0.0 0.0 0.0 
0.2 0.603922 0.27451 0.0 0.0 0.305882 0.015686 0.0 0.0 0.0 0.0 0.0 0.0 0.0 0.0 
0.533333 0.121569 0.0 0.0 0.0 0.294118 0.047059 0.0 0.0 0.0 0.0 0.0 0.0 0.0 0.0 
0.015686 0.0 0.0 0.0 0.0 0.262745 0.098039 0.0 0.0 0.0 0.0 0.0 0.0 0.0 0.0 
0.0 0.0 0.0 0.0 0.0 0.2 0.160784 0.0 0.0 0.0 0.0 0.0 0.0 0.0 0.0 
0.0 0.0 0.0 0.0 0.0 0.160784 0.192157 0.0 0.0 0.0 0.0 0.0 0.0 0.0 0.0 
0.0 0.0 0.0 0.0 0.0 0.14902 0.2 0.0 0.0 0.0 0.0 0.0 0.0 0.0 0.0 
0.0 0.0 0.0 0.0 0.0 0.129412 0.227451 0.0 0.0 0.0 0.0 0.0 0.0 0.094118 0.286275 
0.0 0.0 0.0 0.0 0.0 0.117647 0.227451 0.0 0.0 0.0 0.0 0.109804 0.486275 0.619608 0.45098 
0.0 0.0 0.0 0.0 0.0 0.109804 0.235294 0.0 0.027451 0.196078 0.439216 0.611765 0.286275 0.011765 0.0 
0.0 0.0 0.0 0.0 0.0 0.015686 0.086275 0.34902 0.619608 0.556863 0.345098 0.031373 0.0 0.0 0.0 
0.0 0.0 0.0 0.015686 0.196078 0.466667 0.627451 0.439216 0.094118 0.0 0.0 0.0 0.0 0.0 0.0 
0.0 0.027451 0.32549 0.603922 0.545098 0.294118 0.070588 0.0 0.0 0.0 0.0 0.0 0.0 0.0 0.0 
0.141176 0.67451 0.486275 0.101961 0.0 0.0 0.0 0.0 0.0 0.0 0.0 0.0 0.0 0.0 0.0 
