0.0 0.0 0.0 0.0 0.0 0.0 0.011765 0.501961 0.231373 0.0 0.0 0.0 0.0 0.0 0.0 
0.0 0.0 0.0 0.0 0.121569 0.427451 0.694118 0.654902 0.192157 0.0 0.0 0.0 0.0 0.0 0.0 
0.0 0.031373 0.321569 0.686275 0.756863 0.537255 0.2 0.12549 0.192157 0.0 0.0 0.0 0.0 0.0 0.0 
0.223529 0.705882 0.639216 0.25098 0.035294 0.0 0.0 0.133333 0.192157 0.0 0.0 0.0 0.0 0.0 0.0 
0.67451 0.207843 0.0 0.0 0.0 0.0 0.0 0.133333 0.196078 0.0 0.0 0.0 0.0 0.0 0.0 
0.023529 0.0 0.0 0.0 0.0 0.0 0.0 0.121569 0.211765 0.0 0.0 0.0 0.0 0.0 0.0 
0.0 0.0 0.0 0.0 0.0 0.0 0.0 0.101961 0.231373 0.0 0.0 0.0 0.0 0.0 0.0 
0.0 0.0 0.0 0.0 0.0 0.0 0.0 0.082353 0.254902 0.0 0.0 0.0 0.0 0.0 0.0 
0.0 0.0 0.0 0.0 0.0 0.0 0.0 0.058824 0.266667 0.0 0.0 0.0 0.0 0.043137 0.247059 
0.0 0.0 0.0 0.0 0.0 0.0 0.0 0.043137 0.286275 0.0 0.0 0.0 0.023529 0.603922 0.690196 
0.0 0.0 0.0 0.0 0.0 0.0 0.0 0.007843 0.34902 0.003922 0.058824 0.392157 0.635294 0.345098 0.0 
0.0 0.0 0.0 0.0 0.0 0.007843 0.058824 0.32549 0.639216 0.52549 0.776471 0.584314 0.352941 0.003922 0.0 
0.0 0.0 0.0 0.0 0.133333 0.603922 0.768627 0.784314 0.807843 0.462745 0.078431 0.0 0.0 0.0 0.0 
0.0 0.203922 0.364706 0.694118 0.964706 0.819608 0.74902 0.717647 0.282353 0.0 0.0 0.0 0.0 0.0 0.0 
0.094118 0.882353 0.968627 0.811765 0.568627 0.419608 0.247059 0.031373 0.0 0.0 0.0 0.0 0.0 0.0 0.0 
