0.0 0.0 0.0 0.109804 0.572549 0.666667 0.019608 0.0 0.0 0.0 0.0 0.0 0.0 0.0 0.0 
0.0 0.007843 0.317647 0.647059 0.305882 0.321569 0.047059 0.0 0.0 0.0 0.0 0.0 0.0 0.0 0.0 
0.129412 0.568627 0.533333 0.066667 0.0 0.266667 0.054902 0.0 0.0 0.0 0.0 0.0 0.0 0.0 0.0 
0.501961 0.266667 0.0 0.0 0.0 0.258824 0.070588 0.0 0.0 0.0 0.0 0.0 0.0 0.0 0.0 
0.007843 0.0 0.0 0.0 0.0 0.243137 0.078431 0.0 0.0 0.0 0.0 0.0 0.0 0.0 0.0 
0.0 0.0 0.0 0.0 0.0 0.247059 0.082353 0.0 0.0 0.0 0.0 0.0 0.0 0.0 0.0 
0.0 0.0 0.0 0.0 0.0 0.231373 0.113725 0.0 0.0 0.0 0.0 0.0 0.0 0.0 0.0 
0.0 0.0 0.0 0.0 0.0 0.180392 0.176471 0.0 0.0 0.0 0.0 0.0 0.0 0.0 0.0 
0.0 0.0 0.0 0.0 0.0 0.133333 0.207843 0.0 0.0 0.0 0.0 0.0 0.0 0.0 0.007843 
0.0 0.0 0.0 0.0 0.0 0.101961 0.243137 0.0 0.0 0.0 0.0 0.0 0.137255 0.47451 0.639216 
0.0 0.0 0.0 0.0 0.0 0.07451 0.254902 0.0 0.0 0.039216 0.211765 0.545098 0.658824 0.372549 0.137255 
0.0 0.0 0.0 0.0 0.0 0.070588 0.54902 0.584314 0.643137 0.682353 0.607843 0.298039 0.015686 0.0 0.0 
0.0 0.0 0.023529 0.184314 0.435294 0.670588 0.482353 0.207843 0.137255 0.047059 0.0 0.0 0.0 0.0 0.0 
0.105882 0.533333 0.67451 0.611765 0.392157 0.105882 0.0 0.0 0.0 0.0 0.0 0.0 0.0 0.0 0.0 
0.686275 0.317647 0.070588 0.0 0.0 0.0 0.0 0.0 0.0 0.0 0.0 0.0 0.0 0.0 0.0 
