0.0 0.0 0.0 0.462745 0.568627 0.0 0.0 0.0 0.0 0.0 0.0 0.0 0.0 0.0 0.0 
0.0 0.0 0.301961 0.494118 0.313725 0.0 0.0 0.0 0.0 0.0 0.0 0.0 0.0 0.0 0.0 
0.0 0.152941 0.541176 0.023529 0.294118 0.011765 0.0 0.0 0.0 0.0 0.0 0.0 0.0 0.0 0.0 
0.113725 0.607843 0.137255 0.0 0.301961 0.05098 0.0 0.0 0.0 0.0 0.0 0.0 0.0 0.066667 0.521569 
0.596078 0.184314 0.0 0.0 0.254902 0.105882 0.0 0.0 0.0 0.0 0.0 0.003922 0.254902 0.670588 0.364706 
0.188235 0.0 0.0 0.0 0.192157 0.152941 0.0 0.0 0.0 0.027451 0.333333 0.662745 0.611765 0.141176 0.0 
0.0 0.0 0.0 0.0 0.145098 0.196078 0.0 0.0 0.266667 0.662745 0.54902 0.172549 0.0 0.0 0.0 
0.0 0.0 0.0 0.0 0.117647 0.211765 0.039216 0.588235 0.611765 0.172549 0.0 0.0 0.0 0.0 0.0 
0.0 0.0 0.0 0.0 0.098039 0.258824 0.545098 0.309804 0.0 0.0 0.0 0.0 0.0 0.0 0.0 
0.0 0.0 0.0 0.0 0.07451 0.654902 0.333333 0.0 0.0 0.0 0.0 0.0 0.0 0.0 0.0 
0.0 0.0 0.0 0.0 0.337255 0.521569 0.0 0.0 0.0 0.0 0.0 0.0 0.0 0.0 0.0 
0.0 0.0 0.0 0.427451 0.835294 0.086275 0.0 0.0 0.0 0.0 0.0 0.0 0.0 0.0 0.0 
0.0 0.0 0.498039 0.886275 0.176471 0.0 0.0 0.0 0.0 0.0 0.0 0.0 0.0 0.0 0.0 
0.0 0.403922 0.8 0.172549 0.0 0.0 0.0 0.0 0.0 0.0 0.0 0.0 0.0 0.0 0.0 
0.219608 0.631373 0.054902 0.0 0.0 0.0 0.0 0.0 0.0 0.0 0.0 0.0 0.0 0.0 0.0 
