0.0 0.0 0.003922 0.188235 0.301961 0.662745 0.270588 0.0 0.0 0.0 0.0 0.0 0.0 0.0 0.0 
0.058824 0.211765 0.533333 0.580392 0.462745 0.341176 0.247059 0.0 0.0 0.0 0.0 0.0 0.0 0.0 0.0 
0.607843 0.545098 0.219608 0.0 0.0 0.090196 0.309804 0.0 0.0 0.0 0.0 0.0 0.0 0.0 0.0 
0.011765 0.0 0.0 0.0 0.0 0.039216 0.337255 0.0 0.0 0.0 0.0 0.0 0.0 0.0 0.0 
0.0 0.0 0.0 0.0 0.0 0.0 0.356863 0.015686 0.0 0.0 0.0 0.0 0.0 0.0 0.0 
0.0 0.0 0.0 0.0 0.0 0.0 0.32549 0.082353 0.0 0.0 0.0 0.0 0.0 0.0 0.0 
0.0 0.0 0.0 0.0 0.0 0.0 0.247059 0.172549 0.0 0.0 0.0 0.0 0.0 0.0 0.0 
0.0 0.0 0.0 0.0 0.0 0.0 0.156863 0.243137 0.0 0.0 0.0 0.0 0.0 0.0 0.0 
0.0 0.0 0.0 0.0 0.0 0.0 0.101961 0.286275 0.0 0.0 0.0 0.0 0.0 0.0 0.0 
0.0 0.0 0.0 0.0 0.0 0.0 0.066667 0.317647 0.0 0.0 0.0 0.0 0.0 0.0 0.0 
0.0 0.0 0.0 0.0 0.0 0.0 0.05098 0.317647 0.0 0.0 0.0 0.0 0.0 0.0 0.0 
0.0 0.0 0.0 0.0 0.0 0.0 0.05098 0.317647 0.0 0.0 0.0 0.0 0.003922 0.07451 0.12549 
0.0 0.0 0.0 0.0 0.0 0.0 0.05098 0.329412 0.145098 0.305882 0.431373 0.588235 0.615686 0.623529 0.568627 
0.0 0.066667 0.4 0.498039 0.533333 0.537255 0.6 0.741176 0.560784 0.443137 0.329412 0.141176 0.086275 0.007843 0.0 
0.011765 0.560784 0.427451 0.262745 0.219608 0.203922 0.172549 0.117647 0.0 0.0 0.0 0.0 0.0 0.0 0.0 
