0.0 0.0 0.015686 0.145098 0.054902 0.0 0.0 0.0 0.0 0.0 0.0 0.0 0.090196 0.427451 0.431373 
0.0 0.0 0.290196 0.337255 0.517647 0.043137 0.0 0.0 0.0 0.0 0.0 0.0 0.341176 0.062745 0.266667 
0.0 0.168627 0.298039 0.203922 0.239216 0.0 0.0 0.0 0.0 0.0 0.0 0.090196 0.286275 0.0 0.305882 
0.0 0.337255 0.047059 0.329412 0.019608 0.0 0.0 0.0 0.0 0.0 0.0 0.156863 0.2 0.0 0.364706 
0.105882 0.282353 0.062745 0.290196 0.0 0.0 0.0 0.0 0.0 0.0 0.0 0.168627 0.168627 0.129412 0.27451 
0.239216 0.14902 0.137255 0.203922 0.0 0.0 0.0 0.0 0.0 0.0 0.0 0.133333 0.239216 0.305882 0.078431 
0.32549 0.043137 0.192157 0.156863 0.0 0.0 0.0 0.0 0.0 0.0 0.0 0.003922 0.427451 0.290196 0.0 
0.34902 0.0 0.203922 0.156863 0.0 0.0 0.0 0.0 0.0 0.0 0.0 0.0 0.435294 0.243137 0.0 
0.321569 0.0 0.094118 0.380392 0.129412 0.0 0.0 0.0 0.0 0.0 0.0 0.192157 0.356863 0.305882 0.0 
0.27451 0.0 0.007843 0.117647 0.305882 0.360784 0.192157 0.039216 0.0 0.027451 0.298039 0.313725 0.003922 0.313725 0.05098 
0.262745 0.039216 0.384314 0.4 0.133333 0.043137 0.243137 0.360784 0.356863 0.372549 0.180392 0.0 0.0 0.278431 0.082353 
0.278431 0.12549 0.364706 0.309804 0.219608 0.0 0.0 0.0 0.043137 0.015686 0.0 0.0 0.109804 0.364706 0.011765 
0.368627 0.035294 0.356863 0.372549 0.090196 0.0 0.0 0.0 0.0 0.003922 0.07451 0.282353 0.368627 0.054902 0.0 
0.313725 0.156863 0.0 0.0 0.0 0.0 0.05098 0.168627 0.298039 0.360784 0.333333 0.164706 0.003922 0.0 0.0 
0.094118 0.372549 0.396078 0.341176 0.34902 0.392157 0.380392 0.27451 0.129412 0.015686 0.0 0.0 0.0 0.0 0.0 
