0.0 0.0 0.0 0.0 0.0 0.0 0.0 0.0 0.027451 0.129412 0.247059 0.337255 0.392157 0.364706 0.286275 
0.0 0.0 0.0 0.0 0.043137 0.145098 0.258824 0.341176 0.352941 0.290196 0.184314 0.090196 0.015686 0.0 0.0 
0.172549 0.219608 0.282353 0.34902 0.34902 0.270588 0.156863 0.05098 0.0 0.0 0.0 0.0 0.0 0.0 0.0 
0.403922 0.568627 0.294118 0.043137 0.0 0.0 0.0 0.0 0.0 0.0 0.0 0.0 0.0 0.0 0.0 
0.0 0.035294 0.239216 0.356863 0.235294 0.007843 0.0 0.0 0.0 0.0 0.0 0.0 0.0 0.0 0.0 
0.0 0.0 0.078431 0.352941 0.556863 0.101961 0.0 0.0 0.0 0.0 0.0 0.0 0.0 0.0 0.0 
0.0 0.0 0.121569 0.427451 0.376471 0.27451 0.192157 0.066667 0.0 0.0 0.0 0.0 0.0 0.0 0.0 
0.0 0.0 0.0 0.0 0.078431 0.345098 0.592157 0.262745 0.0 0.0 0.0 0.0 0.0 0.0 0.0 
0.0 0.0 0.172549 0.52549 0.423529 0.184314 0.011765 0.0 0.0 0.0 0.0 0.0 0.0 0.0 0.0 
0.0 0.0 0.070588 0.25098 0.321569 0.341176 0.278431 0.164706 0.047059 0.0 0.0 0.0 0.0 0.0 0.0 
0.0 0.0 0.0 0.0 0.0 0.007843 0.117647 0.282353 0.494118 0.541176 0.2 0.0 0.0 0.0 0.0 
0.0 0.0 0.011765 0.082353 0.180392 0.266667 0.337255 0.329412 0.25098 0.160784 0.054902 0.0 0.0 0.0 0.0 
0.0 0.313725 0.603922 0.423529 0.258824 0.129412 0.027451 0.0 0.0 0.0 0.0 0.0 0.0 0.0 0.0 
0.0 0.043137 0.168627 0.270588 0.321569 0.333333 0.309804 0.262745 0.184314 0.12549 0.054902 0.007843 0.0 0.0 0.0 
0.0 0.0 0.0 0.0 0.0 0.019608 0.082353 0.152941 0.239216 0.301961 0.360784 0.384314 0.372549 0.352941 0.317647 
