0.333333 0.066667 0.101961 0.101961 0.094118 0.062745 0.031373 0.031373 0.015686 0.0 0.0 0.0 0.0 0.0 0.0 
0.380392 0.298039 0.152941 0.172549 0.160784 0.305882 0.34902 0.2 0.309804 0.129412 0.0 0.0 0.0 0.0 0.0 
0.031373 0.27451 0.164706 0.039216 0.164706 0.294118 0.34902 0.062745 0.301961 0.090196 0.0 0.0 0.0 0.0 0.0 
0.0 0.011765 0.14902 0.2 0.180392 0.078431 0.235294 0.364706 0.25098 0.172549 0.184314 0.207843 0.215686 0.12549 0.0 
0.0 0.0 0.266667 0.427451 0.392157 0.180392 0.172549 0.094118 0.070588 0.14902 0.235294 0.05098 0.066667 0.039216 0.0 
0.0 0.0 0.086275 0.180392 0.239216 0.235294 0.211765 0.160784 0.070588 0.14902 0.258824 0.0 0.0 0.0 0.0 
0.0 0.0 0.0 0.0 0.0 0.003922 0.043137 0.113725 0.184314 0.270588 0.337255 0.227451 0.2 0.145098 0.086275 
0.0 0.0 0.0 0.0 0.0 0.0 0.0 0.0 0.0 0.0 0.0 0.019608 0.078431 0.145098 0.196078 
0.0 0.0 0.019608 0.223529 0.247059 0.239216 0.239216 0.227451 0.333333 0.247059 0.223529 0.227451 0.07451 0.0 0.0 
0.0 0.0 0.0 0.0 0.023529 0.223529 0.254902 0.258824 0.309804 0.278431 0.27451 0.278431 0.258824 0.219608 0.019608 
0.0 0.0 0.0 0.145098 0.207843 0.12549 0.007843 0.011765 0.007843 0.007843 0.007843 0.007843 0.011765 0.011765 0.0 
0.0 0.0 0.176471 0.282353 0.066667 0.294118 0.137255 0.0 0.0 0.011765 0.023529 0.0 0.0 0.0 0.0 
0.0 0.098039 0.298039 0.003922 0.0 0.235294 0.341176 0.203922 0.231373 0.235294 0.188235 0.003922 0.0 0.0 0.0 
0.0 0.25098 0.254902 0.145098 0.152941 0.231373 0.254902 0.188235 0.160784 0.129412 0.109804 0.039216 0.0 0.0 0.0 
0.121569 0.309804 0.133333 0.121569 0.12549 0.117647 0.113725 0.12549 0.137255 0.156863 0.184314 0.070588 0.0 0.0 0.0 
