0.0 0.0 0.0 0.0 0.0 0.0 0.0 0.0 0.270588 0.337255 0.043137 0.0 0.0 0.0 0.0 
0.0 0.0 0.0 0.0 0.0 0.0 0.0 0.0 0.0 0.145098 0.384314 0.133333 0.0 0.0 0.0 
0.0 0.0 0.0 0.0 0.0 0.0 0.0 0.0 0.0 0.0 0.039216 0.372549 0.188235 0.0 0.0 
0.0 0.0 0.0 0.0 0.0 0.0 0.0 0.0 0.0 0.0 0.0 0.011765 0.368627 0.160784 0.0 
0.003922 0.05098 0.039216 0.035294 0.035294 0.035294 0.035294 0.027451 0.011765 0.0 0.0 0.0 0.058824 0.396078 0.0 
0.023529 0.262745 0.309804 0.305882 0.305882 0.305882 0.305882 0.309804 0.321569 0.062745 0.0 0.0 0.0 0.34902 0.121569 
0.0 0.0 0.0 0.0 0.0 0.0 0.0 0.0 0.0 0.0 0.0 0.0 0.0 0.184314 0.317647 
0.0 0.0 0.0 0.0 0.0 0.0 0.0 0.0 0.0 0.0 0.0 0.0 0.0 0.031373 0.431373 
0.003922 0.003922 0.0 0.0 0.0 0.0 0.0 0.0 0.0 0.0 0.0 0.0 0.0 0.0 0.384314 
0.301961 0.321569 0.317647 0.305882 0.286275 0.262745 0.215686 0.011765 0.0 0.0 0.0 0.0 0.0 0.0 0.384314 
0.003922 0.003922 0.019608 0.035294 0.066667 0.098039 0.117647 0.011765 0.0 0.0 0.0 0.0 0.0 0.035294 0.431373 
0.0 0.0 0.0 0.0 0.0 0.0 0.0 0.0 0.0 0.0 0.0 0.0 0.0 0.270588 0.294118 
0.0 0.0 0.0 0.0 0.0 0.0 0.0 0.0 0.0 0.0 0.0 0.098039 0.360784 0.243137 0.007843 
0.0 0.0 0.0 0.0 0.0 0.0 0.0 0.0 0.011765 0.109804 0.309804 0.321569 0.082353 0.0 0.0 
0.0 0.0 0.0 0.0 0.0 0.0 0.019608 0.278431 0.372549 0.294118 0.113725 0.0 0.0 0.0 0.0 
