0.047059 0.435294 0.360784 0.27451 0.027451 0.239216 0.019608 0.0 0.145098 0.262745 0.27451 0.043137 0.145098 0.533333 0.4 
0.396078 0.435294 0.25098 0.011765 0.062745 0.227451 0.0 0.105882 0.321569 0.254902 0.031373 0.062745 0.564706 0.47451 0.247059 
0.411765 0.486275 0.05098 0.0 0.211765 0.07451 0.070588 0.364706 0.25098 0.011765 0.105882 0.54902 0.537255 0.160784 0.235294 
0.309804 0.176471 0.0 0.047059 0.301961 0.117647 0.352941 0.258824 0.0 0.313725 0.627451 0.447059 0.227451 0.231373 0.047059 
0.262745 0.011765 0.0 0.286275 0.419608 0.588235 0.270588 0.027451 0.352941 0.584314 0.145098 0.282353 0.176471 0.129412 0.223529 
0.047059 0.011765 0.294118 0.360784 0.564706 0.352941 0.0 0.623529 0.792157 0.070588 0.392157 0.223529 0.196078 0.196078 0.568627 
0.054902 0.247059 0.298039 0.407843 0.392157 0.0 0.482353 0.913725 0.152941 0.196078 0.329412 0.262745 0.172549 0.611765 0.301961 
0.25098 0.141176 0.313725 0.243137 0.0 0.321569 0.905882 0.352941 0.227451 0.156863 0.356863 0.286275 0.509804 0.368627 0.211765 
0.023529 0.298039 0.278431 0.0 0.247059 0.827451 0.541176 0.435294 0.4 0.003922 0.419608 0.501961 0.223529 0.329412 0.133333 
0.2 0.176471 0.015686 0.207843 0.827451 0.713725 0.294118 0.345098 0.054902 0.235294 0.568627 0.082353 0.360784 0.403922 0.196078 
0.247059 0.0 0.180392 0.811765 0.721569 0.27451 0.309804 0.129412 0.478431 0.647059 0.133333 0.227451 0.529412 0.094118 0.0 
0.011765 0.094118 0.619608 0.764706 0.317647 0.156863 0.333333 0.4 0.611765 0.278431 0.313725 0.517647 0.180392 0.0 0.0 
0.098039 0.376471 0.631373 0.435294 0.047059 0.439216 0.333333 0.658824 0.286275 0.341176 0.388235 0.333333 0.0 0.0 0.113725 
0.286275 0.576471 0.537255 0.070588 0.298039 0.380392 0.486275 0.470588 0.184314 0.078431 0.564706 0.25098 0.172549 0.317647 0.521569 
0.427451 0.623529 0.192157 0.070588 0.32549 0.270588 0.592157 0.192157 0.0 0.12549 0.482353 0.133333 0.109804 0.352941 0.45098 
