0.0 0.098039 0.494118 0.427451 0.039216 0.0 0.0 0.0 0.0 0.0 0.0 0.0 0.0 0.164706 0.054902 
0.062745 0.439216 0.101961 0.0 0.003922 0.0 0.0 0.0 0.0 0.0 0.0 0.0 0.066667 0.486275 0.360784 
0.34902 0.156863 0.0 0.0 0.0 0.0 0.0 0.0 0.0 0.0 0.0 0.0 0.184314 0.427451 0.207843 
0.407843 0.007843 0.0 0.0 0.0 0.0 0.0 0.0 0.0 0.0 0.0 0.0 0.239216 0.513725 0.011765 
0.329412 0.0 0.0 0.0 0.0 0.0 0.0 0.0 0.0 0.0 0.0 0.003922 0.466667 0.360784 0.0 
0.317647 0.0 0.0 0.0 0.0 0.0 0.0 0.0 0.0 0.0 0.090196 0.431373 0.247059 0.368627 0.047059 
0.380392 0.0 0.0 0.0 0.0 0.0 0.0 0.0 0.007843 0.247059 0.439216 0.109804 0.0 0.227451 0.247059 
0.380392 0.070588 0.0 0.0 0.0 0.0 0.0 0.054902 0.415686 0.317647 0.019608 0.0 0.0 0.035294 0.439216 
0.25098 0.235294 0.0 0.0 0.0 0.0 0.137255 0.435294 0.133333 0.0 0.0 0.0 0.0 0.0 0.329412 
0.015686 0.403922 0.266667 0.12549 0.25098 0.415686 0.380392 0.105882 0.0 0.0 0.0 0.0 0.0 0.0 0.317647 
0.0 0.031373 0.254902 0.356863 0.258824 0.078431 0.0 0.0 0.0 0.0 0.0 0.0 0.0 0.0 0.294118 
0.0 0.0 0.0 0.0 0.0 0.0 0.0 0.0 0.0 0.0 0.0 0.0 0.0 0.0 0.321569 
0.0 0.0 0.0 0.0 0.0 0.0 0.0 0.0 0.0 0.0 0.0 0.0 0.0 0.0 0.380392 
0.0 0.0 0.0 0.0 0.0 0.0 0.0 0.0 0.0 0.0 0.0 0.0 0.0 0.121569 0.356863 
0.0 0.0 0.0 0.0 0.0 0.0 0.0 0.0 0.0 0.0 0.0 0.0 0.0 0.278431 0.145098 
