0.0 0.313725 0.505882 0.184314 0.0 0.0 0.0 0.0 0.0 0.0 0.0 0.0 0.0 0.0 0.188235 
0.168627 0.360784 0.0 0.0 0.0 0.0 0.0 0.0 0.0 0.0 0.0 0.0 0.0 0.054902 0.654902 
0.4 0.086275 0.0 0.0 0.0 0.0 0.0 0.0 0.0 0.0 0.0 0.0 0.0 0.360784 0.486275 
0.364706 0.0 0.0 0.0 0.0 0.0 0.0 0.0 0.0 0.0 0.0 0.0 0.2 0.298039 0.305882 
0.282353 0.0 0.0 0.0 0.0 0.0 0.0 0.0 0.0 0.0 0.0 0.062745 0.411765 0.015686 0.329412 
0.341176 0.0 0.0 0.0 0.0 0.0 0.0 0.0 0.0 0.0 0.011765 0.403922 0.133333 0.0 0.333333 
0.423529 0.105882 0.0 0.0 0.0 0.0 0.0 0.0 0.0 0.0 0.278431 0.239216 0.0 0.0 0.356863 
0.098039 0.431373 0.066667 0.0 0.0 0.0 0.0 0.0 0.0 0.203922 0.396078 0.0 0.0 0.043137 0.364706 
0.0 0.12549 0.454902 0.247059 0.035294 0.0 0.0 0.039216 0.337255 0.368627 0.039216 0.0 0.0 0.137255 0.278431 
0.0 0.0 0.035294 0.298039 0.443137 0.435294 0.435294 0.439216 0.231373 0.0 0.0 0.0 0.0 0.192157 0.192157 
0.0 0.0 0.0 0.0 0.003922 0.023529 0.027451 0.003922 0.0 0.0 0.0 0.0 0.0 0.215686 0.164706 
0.0 0.0 0.0 0.0 0.0 0.0 0.0 0.0 0.0 0.0 0.0 0.0 0.0 0.25098 0.12549 
0.0 0.0 0.0 0.0 0.0 0.0 0.0 0.0 0.0 0.0 0.0 0.0 0.0 0.27451 0.090196 
0.0 0.0 0.0 0.0 0.0 0.0 0.0 0.0 0.0 0.0 0.0 0.0 0.0 0.278431 0.082353 
0.0 0.0 0.0 0.0 0.0 0.0 0.0 0.0 0.0 0.0 0.0 0.0 0.0 0.262745 0.078431 
