0.0 0.0 0.05098 0.431373 0.356863 0.035294 0.0 0.0 0.0 0.0 0.0 0.0 0.0 0.0 0.368627 
0.0 0.05098 0.403922 0.137255 0.0 0.0 0.0 0.0 0.0 0.0 0.0 0.0 0.0 0.054902 0.498039 
0.0 0.360784 0.141176 0.0 0.0 0.0 0.0 0.0 0.0 0.0 0.0 0.0 0.0 0.407843 0.333333 
0.164706 0.290196 0.0 0.0 0.0 0.0 0.0 0.0 0.0 0.0 0.0 0.0 0.007843 0.580392 0.117647 
0.352941 0.090196 0.0 0.0 0.0 0.0 0.0 0.0 0.0 0.0 0.0 0.0 0.211765 0.517647 0.0 
0.372549 0.0 0.0 0.0 0.0 0.0 0.0 0.0 0.0 0.0 0.0 0.0 0.364706 0.388235 0.0 
0.321569 0.0 0.0 0.0 0.0 0.0 0.0 0.0 0.0 0.0 0.0 0.058824 0.352941 0.317647 0.003922 
0.298039 0.0 0.0 0.0 0.0 0.0 0.0 0.0 0.0 0.0 0.0 0.262745 0.2 0.305882 0.007843 
0.411765 0.035294 0.0 0.0 0.0 0.0 0.0 0.0 0.019608 0.129412 0.34902 0.34902 0.0 0.32549 0.023529 
0.172549 0.411765 0.301961 0.254902 0.258824 0.286275 0.333333 0.372549 0.4 0.337255 0.137255 0.0 0.0 0.313725 0.05098 
0.0 0.039216 0.160784 0.2 0.196078 0.164706 0.113725 0.066667 0.007843 0.0 0.0 0.0 0.0 0.298039 0.094118 
0.0 0.0 0.0 0.0 0.0 0.0 0.0 0.0 0.0 0.0 0.0 0.0 0.0 0.25098 0.129412 
0.0 0.0 0.0 0.0 0.0 0.0 0.0 0.0 0.0 0.0 0.0 0.0 0.0 0.235294 0.152941 
0.0 0.0 0.0 0.0 0.0 0.0 0.0 0.0 0.0 0.0 0.0 0.0 0.0 0.184314 0.227451 
0.0 0.0 0.0 0.0 0.0 0.0 0.0 0.0 0.0 0.0 0.0 0.0 0.0 0.329412 0.121569 
