0.0 0.015686 0.403922 0.537255 0.521569 0.101961 0.0 0.0 0.0 0.0 0.0 0.0 0.047059 0.407843 0.066667 
0.0 0.415686 0.290196 0.0 0.011765 0.007843 0.0 0.0 0.0 0.0 0.0 0.0 0.282353 0.411765 0.309804 
0.168627 0.341176 0.0 0.0 0.0 0.0 0.0 0.0 0.0 0.0 0.0 0.0 0.368627 0.05098 0.407843 
0.380392 0.12549 0.0 0.0 0.0 0.0 0.0 0.0 0.0 0.0 0.0 0.031373 0.34902 0.0 0.384314 
0.423529 0.0 0.0 0.0 0.0 0.0 0.0 0.0 0.0 0.0 0.0 0.027451 0.360784 0.027451 0.407843 
0.321569 0.0 0.0 0.0 0.0 0.0 0.0 0.0 0.0 0.0 0.0 0.0 0.345098 0.235294 0.317647 
0.337255 0.0 0.0 0.0 0.0 0.0 0.0 0.0 0.0 0.0 0.0 0.0 0.188235 0.568627 0.109804 
0.486275 0.101961 0.0 0.0 0.0 0.0 0.0 0.0 0.0 0.0 0.0 0.027451 0.364706 0.662745 0.027451 
0.152941 0.486275 0.396078 0.298039 0.223529 0.145098 0.133333 0.133333 0.129412 0.180392 0.352941 0.505882 0.254902 0.231373 0.392157 
0.0 0.023529 0.188235 0.278431 0.352941 0.415686 0.423529 0.423529 0.427451 0.396078 0.235294 0.05098 0.0 0.0 0.419608 
0.0 0.0 0.0 0.0 0.0 0.0 0.0 0.0 0.0 0.0 0.0 0.0 0.0 0.0 0.321569 
0.0 0.0 0.0 0.0 0.0 0.0 0.0 0.0 0.0 0.0 0.0 0.0 0.0 0.0 0.352941 
0.0 0.0 0.0 0.0 0.0 0.0 0.0 0.0 0.0 0.0 0.0 0.0 0.0 0.0 0.415686 
0.0 0.0 0.0 0.0 0.0 0.0 0.0 0.0 0.0 0.0 0.0 0.0 0.027451 0.298039 0.411765 
0.0 0.0 0.0 0.0 0.0 0.0 0.0 0.0 0.0 0.0 0.0 0.0 0.32549 0.427451 0.078431 
