0.0 0.0 0.290196 0.470588 0.376471 0.031373 0.0 0.0 0.0 0.0 0.0 0.0 0.0 0.0 0.0 
0.0 0.266667 0.301961 0.0 0.0 0.0 0.0 0.0 0.0 0.0 0.0 0.0 0.0 0.0 0.0 
0.117647 0.333333 0.0 0.0 0.0 0.0 0.0 0.0 0.0 0.0 0.0 0.0 0.0 0.0 0.0 
0.305882 0.109804 0.0 0.0 0.0 0.0 0.0 0.0 0.0 0.0 0.0 0.0 0.0 0.0 0.192157 
0.34902 0.0 0.0 0.0 0.0 0.0 0.0 0.0 0.0 0.0 0.0 0.0 0.0 0.0 0.54902 
0.27451 0.0 0.0 0.0 0.0 0.0 0.0 0.0 0.0 0.0 0.0 0.0 0.0 0.0 0.560784 
0.290196 0.0 0.0 0.0 0.0 0.0 0.0 0.0 0.0 0.0 0.0 0.0 0.0 0.0 0.537255 
0.396078 0.12549 0.0 0.0 0.0 0.0 0.0 0.0 0.0 0.0 0.0 0.0 0.0 0.113725 0.533333 
0.066667 0.396078 0.341176 0.090196 0.0 0.0 0.0 0.0 0.0 0.0 0.0 0.0 0.117647 0.403922 0.384314 
0.0 0.007843 0.172549 0.4 0.407843 0.309804 0.227451 0.12549 0.054902 0.015686 0.043137 0.266667 0.411765 0.07451 0.301961 
0.0 0.0 0.0 0.0 0.070588 0.188235 0.266667 0.360784 0.411765 0.423529 0.419608 0.258824 0.011765 0.023529 0.333333 
0.0 0.0 0.0 0.0 0.0 0.0 0.0 0.0 0.0 0.003922 0.0 0.0 0.0 0.101961 0.266667 
0.0 0.0 0.0 0.0 0.0 0.0 0.0 0.0 0.0 0.0 0.0 0.0 0.0 0.160784 0.207843 
0.0 0.0 0.0 0.0 0.0 0.0 0.0 0.0 0.0 0.0 0.0 0.0 0.0 0.235294 0.113725 
0.0 0.0 0.0 0.0 0.0 0.0 0.0 0.0 0.0 0.0 0.0 0.0 0.0 0.239216 0.070588 
