0.0 0.070588 0.403922 0.403922 0.282353 0.003922 0.0 0.0 0.0 0.0 0.0 0.0 0.0 0.0 0.0 
0.011765 0.360784 0.109804 0.0 0.0 0.0 0.0 0.0 0.0 0.0 0.0 0.0 0.0 0.090196 0.219608 
0.25098 0.223529 0.0 0.0 0.0 0.0 0.0 0.0 0.0 0.0 0.0 0.0 0.180392 0.447059 0.419608 
0.384314 0.015686 0.0 0.0 0.0 0.0 0.0 0.0 0.0 0.0 0.0 0.258824 0.317647 0.227451 0.192157 
0.294118 0.0 0.0 0.0 0.0 0.0 0.0 0.0 0.0 0.0 0.227451 0.317647 0.0 0.321569 0.047059 
0.329412 0.0 0.0 0.0 0.0 0.0 0.0 0.035294 0.090196 0.247059 0.376471 0.011765 0.015686 0.317647 0.0 
0.4 0.058824 0.0 0.0 0.066667 0.243137 0.356863 0.356863 0.32549 0.211765 0.027451 0.0 0.019608 0.313725 0.0 
0.133333 0.396078 0.278431 0.337255 0.356863 0.192157 0.047059 0.0 0.0 0.0 0.0 0.0 0.015686 0.313725 0.0 
0.0 0.05098 0.137255 0.082353 0.0 0.0 0.0 0.0 0.0 0.0 0.0 0.0 0.0 0.321569 0.043137 
0.0 0.0 0.0 0.0 0.0 0.0 0.0 0.0 0.0 0.0 0.0 0.0 0.0 0.243137 0.160784 
0.0 0.0 0.0 0.0 0.0 0.0 0.0 0.0 0.0 0.0 0.0 0.0 0.0 0.121569 0.301961 
0.0 0.0 0.0 0.0 0.0 0.0 0.0 0.0 0.0 0.0 0.0 0.0 0.0 0.011765 0.372549 
0.0 0.0 0.0 0.0 0.0 0.0 0.0 0.0 0.0 0.0 0.0 0.0 0.0 0.0 0.317647 
0.0 0.0 0.0 0.0 0.0 0.0 0.0 0.0 0.0 0.0 0.0 0.0 0.0 0.0 0.301961 
0.0 0.0 0.0 0.0 0.0 0.0 0.0 0.0 0.0 0.0 0.0 0.0 0.0 0.0 0.341176 
