0.0 0.011765 0.407843 0.490196 0.254902 0.0 0.0 0.0 0.0 0.0 0.0 0.0 0.0 0.0 0.0 
0.0 0.294118 0.243137 0.0 0.0 0.0 0.0 0.0 0.0 0.0 0.0 0.0 0.0 0.0 0.0 
0.070588 0.368627 0.0 0.0 0.0 0.0 0.0 0.0 0.0 0.0 0.0 0.0 0.0 0.031373 0.035294 
0.286275 0.176471 0.0 0.0 0.0 0.0 0.0 0.0 0.0 0.0 0.0 0.0 0.0 0.376471 0.25098 
0.372549 0.035294 0.0 0.0 0.0 0.0 0.0 0.0 0.0 0.0 0.0 0.0 0.054902 0.560784 0.211765 
0.356863 0.0 0.0 0.0 0.0 0.0 0.0 0.0 0.0 0.0 0.0 0.070588 0.403922 0.305882 0.2 
0.313725 0.0 0.0 0.0 0.0 0.0 0.0 0.0 0.0 0.0 0.309804 0.466667 0.14902 0.160784 0.211765 
0.290196 0.0 0.0 0.0 0.0 0.0 0.0 0.0 0.015686 0.337255 0.313725 0.0 0.0 0.168627 0.223529 
0.286275 0.0 0.0 0.0 0.0 0.0 0.0 0.058824 0.439216 0.270588 0.0 0.0 0.0 0.121569 0.278431 
0.298039 0.0 0.0 0.0 0.0 0.0 0.129412 0.466667 0.145098 0.0 0.0 0.0 0.0 0.047059 0.372549 
0.392157 0.0 0.0 0.0 0.011765 0.262745 0.439216 0.078431 0.0 0.0 0.0 0.0 0.0 0.0 0.356863 
0.329412 0.247059 0.054902 0.203922 0.458824 0.317647 0.027451 0.0 0.0 0.0 0.0 0.0 0.0 0.0 0.329412 
0.031373 0.345098 0.439216 0.345098 0.078431 0.0 0.0 0.0 0.0 0.0 0.0 0.0 0.0 0.007843 0.372549 
0.0 0.0 0.0 0.0 0.0 0.0 0.0 0.0 0.0 0.0 0.0 0.0 0.0 0.015686 0.352941 
0.0 0.0 0.0 0.0 0.0 0.0 0.0 0.0 0.0 0.0 0.0 0.0 0.0 0.027451 0.337255 
