0.270588 0.32549 0.32549 0.290196 0.0 0.0 0.0 0.0 0.0 0.0 0.0 0.0 0.0 0.0 0.0 
0.333333 0.0 0.0 0.0 0.0 0.0 0.0 0.0 0.0 0.0 0.0 0.0 0.0 0.0 0.239216 
0.262745 0.0 0.0 0.0 0.0 0.0 0.0 0.0 0.0 0.0 0.0 0.0 0.0 0.066667 0.443137 
0.270588 0.0 0.0 0.0 0.0 0.0 0.0 0.0 0.0 0.0 0.0 0.015686 0.176471 0.411765 0.34902 
0.352941 0.0 0.0 0.0 0.0 0.0 0.0 0.0 0.0 0.011765 0.196078 0.329412 0.188235 0.219608 0.188235 
0.215686 0.32549 0.215686 0.14902 0.12549 0.121569 0.121569 0.156863 0.247059 0.32549 0.203922 0.007843 0.0 0.313725 0.027451 
0.0 0.043137 0.137255 0.196078 0.215686 0.223529 0.223529 0.196078 0.105882 0.011765 0.0 0.0 0.015686 0.298039 0.0 
0.0 0.0 0.0 0.0 0.0 0.0 0.0 0.0 0.0 0.0 0.0 0.0 0.011765 0.298039 0.0 
0.0 0.0 0.0 0.0 0.0 0.0 0.0 0.0 0.0 0.0 0.0 0.0 0.0 0.298039 0.031373 
0.0 0.0 0.0 0.0 0.0 0.0 0.0 0.0 0.0 0.0 0.0 0.0 0.0 0.254902 0.101961 
0.0 0.0 0.0 0.0 0.0 0.0 0.0 0.0 0.0 0.0 0.0 0.0 0.0 0.180392 0.188235 
0.0 0.0 0.0 0.0 0.0 0.0 0.0 0.0 0.0 0.0 0.0 0.0 0.0 0.12549 0.231373 
0.0 0.0 0.0 0.0 0.0 0.0 0.0 0.0 0.0 0.0 0.0 0.0 0.0 0.113725 0.243137 
0.0 0.0 0.0 0.0 0.0 0.0 0.0 0.0 0.0 0.0 0.0 0.0 0.0 0.117647 0.247059 
0.0 0.0 0.0 0.0 0.0 0.0 0.0 0.0 0.0 0.0 0.0 0.0 0.0 0.113725 0.235294 
