0.0 0.090196 0.501961 0.478431 0.086275 0.0 0.0 0.0 0.0 0.0 0.0 0.0 0.0 0.0 0.0 
0.011765 0.4 0.109804 0.0 0.0 0.0 0.0 0.0 0.0 0.0 0.0 0.0 0.0 0.003922 0.023529 
0.211765 0.25098 0.0 0.0 0.0 0.0 0.0 0.0 0.0 0.0 0.0 0.0 0.0 0.121569 0.407843 
0.364706 0.066667 0.0 0.0 0.0 0.0 0.0 0.0 0.0 0.0 0.0 0.0 0.0 0.32549 0.388235 
0.356863 0.0 0.0 0.0 0.0 0.0 0.0 0.0 0.0 0.0 0.0 0.0 0.0 0.435294 0.117647 
0.270588 0.0 0.0 0.0 0.0 0.0 0.0 0.0 0.0 0.0 0.0 0.0 0.14902 0.564706 0.019608 
0.262745 0.0 0.0 0.0 0.0 0.0 0.0 0.0 0.0 0.0 0.0 0.023529 0.388235 0.341176 0.047059 
0.321569 0.0 0.0 0.0 0.0 0.0 0.0 0.0 0.0 0.0 0.0 0.294118 0.188235 0.239216 0.12549 
0.388235 0.031373 0.0 0.0 0.0 0.0 0.0 0.0 0.0 0.0 0.141176 0.372549 0.0 0.145098 0.266667 
0.231373 0.4 0.043137 0.0 0.0 0.0 0.0 0.0 0.0 0.105882 0.443137 0.062745 0.0 0.035294 0.352941 
0.0 0.207843 0.470588 0.341176 0.082353 0.0 0.0 0.0 0.117647 0.454902 0.086275 0.0 0.0 0.0 0.34902 
0.0 0.0 0.019608 0.215686 0.454902 0.294118 0.07451 0.168627 0.45098 0.07451 0.0 0.0 0.0 0.0 0.278431 
0.0 0.0 0.0 0.0 0.011765 0.27451 0.439216 0.407843 0.086275 0.0 0.0 0.0 0.0 0.0 0.262745 
0.0 0.0 0.0 0.0 0.0 0.0 0.0 0.0 0.0 0.0 0.0 0.0 0.0 0.0 0.262745 
0.0 0.0 0.0 0.0 0.0 0.0 0.0 0.0 0.0 0.0 0.0 0.0 0.0 0.0 0.247059 
